111554.52,-25.09,36.7434938,127.1151199,R
111554.52,-25.09,36.7434938,127.1151199,R
111554.59,-25.09,36.7434938,127.1151199,R
111554.59,-25.09,36.7434938,127.1151199,R
111554.71,-25.12,36.7434938,127.1151199,R
111554.71,-25.12,36.7434938,127.1151199,R
111554.77,-25.13,36.7434938,127.1151199,R
111554.77,-25.13,36.7434938,127.1151199,R
111554.84,-25.13,36.7434938,127.1151199,R
111554.84,-25.13,36.7434938,127.1151199,R
111554.90,-25.13,36.7434938,127.1151199,R
111554.90,-25.13,36.7434938,127.1151199,R
111554.96,-25.13,36.7434938,127.1151199,R
111554.96,-25.13,36.7434938,127.1151199,R
111554.96,-25.13,36.7434938,127.1151199,R
111555.02,-25.13,36.7434938,127.1151199,R
111555.09,-25.13,36.7434938,127.1151199,R
111555.09,-25.13,36.7434938,127.1151199,R
111555.09,-25.13,36.7434938,127.1151199,R
111555.15,-25.14,36.7434938,127.1151199,R
111555.21,-25.14,36.7434938,127.1151199,R
111555.21,-25.14,36.7434938,127.1151199,R
111555.27,-25.15,36.7434938,127.1151199,R
111555.27,-25.15,36.7434938,127.1151199,R
111555.34,-25.17,36.7434938,127.1151199,R
111555.40,-25.17,36.7434938,127.1151199,R
111555.40,-25.17,36.7434938,127.1151199,R
111555.40,-25.17,36.7434938,127.1151199,R
111555.46,-25.09,36.7434938,127.1151199,R
111555.46,-25.09,36.7434938,127.1151199,R
111555.52,-25.11,36.7434938,127.1151199,R
111555.52,-25.11,36.7434938,127.1151199,R
111555.59,-25.12,36.7434938,127.1151199,R
111555.59,-25.12,36.7434938,127.1151199,R
111555.65,-25.13,36.7434938,127.1151199,R
111555.65,-25.13,36.7434938,127.1151199,R
111555.71,-25.13,36.7434938,127.1151199,R
111555.71,-25.13,36.7434938,127.1151199,R
111555.77,-25.12,36.7434938,127.1151199,R
111555.77,-25.12,36.7434938,127.1151199,R
111555.84,-25.13,36.7434938,127.1151199,R
111555.84,-25.13,36.7434938,127.1151199,R
111555.96,-25.13,36.7434938,127.1151199,R
111555.96,-25.13,36.7434938,127.1151199,R
111556.02,-25.13,36.7434938,127.1151199,R
111556.02,-25.13,36.7434938,127.1151199,R
111556.09,-25.14,36.7434938,127.1151199,R
111556.09,-25.15,36.7434938,127.1151199,R
111556.15,-25.15,36.7434938,127.1151199,R
111556.15,-25.15,36.7434938,127.1151199,R
111556.21,-25.17,36.7434938,127.1151199,R
111556.21,-25.17,36.7434938,127.1151199,R
111556.27,-25.18,36.7434938,127.1151199,R
111556.27,-25.18,36.7434938,127.1151199,R
111556.34,-25.18,36.7434938,127.1151199,R
111556.34,-25.19,36.7434938,127.1151199,R
111556.40,-25.19,36.7434938,127.1151199,R
111556.40,-25.19,36.7434938,127.1151199,R
111556.46,-25.08,36.7434938,127.1151199,R
111556.52,-25.08,36.7434938,127.1151199,R
111556.52,-25.08,36.7434938,127.1151199,R
111556.59,-25.08,36.7434938,127.1151199,R
111556.59,-25.08,36.7434938,127.1151199,R
111556.65,-25.11,36.7434938,127.1151199,R
111556.65,-25.11,36.7434938,127.1151199,R
111556.71,-25.11,36.7434938,127.1151199,R
111556.71,-25.11,36.7434938,127.1151199,R
111556.77,-25.12,36.7434938,127.1151199,R
111556.77,-25.12,36.7434938,127.1151199,R
111556.84,-25.13,36.7434938,127.1151199,R
111556.84,-25.13,36.7434938,127.1151199,R
111556.90,-25.13,36.7434938,127.1151199,R
111556.90,-25.13,36.7434938,127.1151199,R
111556.96,-25.13,36.7434938,127.1151199,R
111556.96,-25.13,36.7434938,127.1151199,R
111557.02,-25.13,36.7434938,127.1151199,R
111557.02,-25.13,36.7434938,127.1151199,R
111557.09,-25.14,36.7434938,127.1151199,R
111557.15,-25.13,36.7434938,127.1151199,R
111557.15,-25.14,36.7434938,127.1151199,R
111557.21,-25.15,36.7434938,127.1151199,R
111557.21,-25.15,36.7434938,127.1151199,R
111557.27,-25.15,36.7434938,127.1151199,R
111557.27,-25.15,36.7434938,127.1151199,R
111557.34,-25.17,36.7434938,127.1151199,R
111557.34,-25.17,36.7434938,127.1151199,R
111557.40,-25.18,36.7434938,127.1151199,R
111557.40,-25.19,36.7434938,127.1151199,R
111557.46,-25.08,36.7434938,127.1151199,R
111557.46,-25.07,36.7434938,127.1151199,R
111557.46,-25.07,36.7434938,127.1151199,R
111557.52,-25.08,36.7434938,127.1151199,R
111557.52,-25.08,36.7434938,127.1151199,R
111557.59,-25.08,36.7434938,127.1151199,R
111557.59,-25.08,36.7434938,127.1151199,R
111557.71,-25.09,36.7434938,127.1151199,R
111557.71,-25.09,36.7434938,127.1151199,R
111557.77,-25.09,36.7434938,127.1151199,R
111557.77,-25.09,36.7434938,127.1151199,R
111557.84,-25.11,36.7434938,127.1151199,R
111557.84,-25.11,36.7434938,127.1151199,R
111557.90,-25.11,36.7434938,127.1151199,R
111557.90,-25.11,36.7434938,127.1151199,R
111557.96,-25.11,36.7434938,127.1151199,R
111557.96,-25.11,36.7434938,127.1151199,R
111558.02,-25.12,36.7434938,127.1151199,R
111558.02,-25.13,36.7434938,127.1151199,R
111558.09,-25.13,36.7434938,127.1151199,R
111558.09,-25.13,36.7434938,127.1151199,R
111558.15,-25.14,36.7434938,127.1151199,R
111558.15,-25.14,36.7434938,127.1151199,R
111558.21,-25.14,36.7434938,127.1151199,R
111558.27,-25.14,36.7434938,127.1151199,R
111558.27,-25.14,36.7434938,127.1151199,R
111558.34,-25.15,36.7434938,127.1151199,R
111558.34,-25.15,36.7434938,127.1151201,R
111558.40,-25.17,36.7434938,127.1151201,R
111558.40,-25.17,36.7434938,127.1151201,R
111558.46,-25.08,36.7434938,127.1151202,R
111558.46,-25.08,36.7434938,127.1151202,R
111558.46,-25.08,36.7434938,127.1151202,R
111558.52,-25.08,36.7434938,127.1151206,R
111558.52,-25.08,36.7434938,127.1151206,R
111558.59,-25.09,36.7434938,127.1151208,R
111558.59,-25.09,36.7434938,127.1151208,R
111558.65,-25.11,36.7434938,127.1151211,R
111558.65,-25.11,36.7434938,127.1151211,R
111558.71,-25.12,36.7434932,127.1151216,R
111558.71,-25.12,36.7434932,127.1151216,R
111558.77,-25.12,36.7434932,127.1151221,R
111558.77,-25.12,36.7434932,127.1151221,R
111558.90,-25.12,36.7434927,127.1151227,R
111558.90,-25.12,36.7434927,127.1151227,R
111558.96,-25.13,36.7434927,127.1151234,R
111558.96,-25.13,36.7434927,127.1151234,R
111559.02,-25.13,36.7434922,127.1151241,R
111559.02,-25.13,36.7434922,127.1151244,R
111559.09,-25.13,36.7434922,127.1151250,R
111559.09,-25.13,36.7434917,127.1151253,R
111559.09,-25.13,36.7434917,127.1151253,R
111559.15,-25.15,36.7434917,127.1151263,R
111559.21,-25.17,36.7434912,127.1151267,R
111559.21,-25.17,36.7434912,127.1151267,R
111559.27,-25.21,36.7434912,127.1151277,R
111559.27,-25.25,36.7434907,127.1151283,R
111559.34,-25.27,36.7434907,127.1151288,R
111559.34,-25.32,36.7434902,127.1151293,R
111559.40,-25.36,36.7434902,127.1151299,R
111559.46,-25.39,36.7434897,127.1151304,R
111559.46,-25.38,36.7434897,127.1151314,R
111559.52,-25.42,36.7434897,127.1151319,R
111559.52,-25.42,36.7434897,127.1151319,R
111559.59,-25.51,36.7434892,127.1151333,R
111559.59,-25.51,36.7434892,127.1151333,R
111559.65,-25.61,36.7434887,127.1151346,R
111559.65,-25.61,36.7434887,127.1151346,R
111559.71,-25.70,36.7434882,127.1151361,R
111559.71,-25.70,36.7434882,127.1151361,R
111559.77,-25.81,36.7434876,127.1151376,R
111559.77,-25.81,36.7434876,127.1151376,R
111559.84,-25.92,36.7434866,127.1151391,R
111559.84,-25.92,36.7434866,127.1151391,R
111559.90,-26.01,36.7434861,127.1151406,R
111559.90,-26.01,36.7434861,127.1151406,R
111559.96,-26.12,36.7434856,127.1151422,R
111600.02,-26.15,36.7434851,127.1151431,R
111600.02,-26.15,36.7434851,127.1151431,R
111600.02,-26.24,36.7434846,127.1151447,R
111600.02,-26.24,36.7434846,127.1151447,R
111600.15,-26.28,36.7434841,127.1151464,R
111600.15,-26.28,36.7434841,127.1151464,R
111600.21,-26.32,36.7434831,127.1151483,R
111600.21,-26.32,36.7434826,127.1151491,R
111600.27,-26.32,36.7434826,127.1151501,R
111600.27,-26.32,36.7434821,127.1151511,R
111600.34,-26.31,36.7434815,127.1151519,R
111600.34,-26.31,36.7434810,127.1151529,R
111600.34,-26.31,36.7434810,127.1151529,R
111600.40,-26.33,36.7434805,127.1151549,R
111600.46,-26.42,36.7434805,127.1151556,R
111600.46,-26.43,36.7434800,127.1151566,R
111600.46,-26.43,36.7434800,127.1151566,R
111600.52,-26.46,36.7434795,127.1151586,R
111600.52,-26.46,36.7434795,127.1151586,R
111600.65,-26.50,36.7434785,127.1151607,R
111600.65,-26.50,36.7434785,127.1151607,R
111600.71,-26.52,36.7434775,127.1151629,R
111600.71,-26.52,36.7434775,127.1151629,R
111600.77,-26.55,36.7434770,127.1151651,R
111600.77,-26.55,36.7434770,127.1151651,R
111600.84,-26.58,36.7434759,127.1151674,R
111600.84,-26.58,36.7434759,127.1151674,R
111600.90,-26.61,36.7434749,127.1151698,R
111600.90,-26.61,36.7434749,127.1151698,R
111600.96,-26.64,36.7434739,127.1151721,R
111600.96,-26.64,36.7434739,127.1151721,R
111601.02,-26.68,36.7434729,127.1151746,R
111601.02,-26.69,36.7434724,127.1151758,R
111601.09,-26.70,36.7434719,127.1151771,R
111601.09,-26.71,36.7434714,127.1151782,R
111601.15,-26.74,36.7434709,127.1151796,R
111601.21,-26.75,36.7434704,127.1151809,R
111601.21,-26.76,36.7434698,127.1151822,R
111601.21,-26.76,36.7434698,127.1151822,R
111601.27,-26.77,36.7434688,127.1151849,R
111601.34,-26.80,36.7434683,127.1151862,R
111601.34,-26.82,36.7434678,127.1151876,R
111601.40,-26.82,36.7434673,127.1151889,R
111601.40,-26.82,36.7434673,127.1151889,R
111601.46,-26.88,36.7434663,127.1151916,R
111601.46,-26.80,36.7434663,127.1151926,R
111601.52,-26.81,36.7434658,127.1151939,R
111601.52,-26.81,36.7434658,127.1151939,R
111601.59,-26.82,36.7434648,127.1151967,R
111601.59,-26.82,36.7434648,127.1151967,R
111601.65,-26.84,36.7434637,127.1151998,R
111601.65,-26.84,36.7434637,127.1151998,R
111601.71,-26.88,36.7434622,127.1152026,R
111601.71,-26.88,36.7434622,127.1152026,R
111601.77,-26.90,36.7434612,127.1152056,R
111601.77,-26.90,36.7434612,127.1152056,R
111601.84,-26.94,36.7434597,127.1152086,R
111601.84,-26.94,36.7434597,127.1152086,R
111601.90,-26.99,36.7434587,127.1152116,R
111601.90,-26.99,36.7434587,127.1152116,R
111601.96,-27.01,36.7434576,127.1152147,R
111602.02,-27.01,36.7434566,127.1152162,R
111602.02,-27.03,36.7434561,127.1152178,R
111602.09,-27.05,36.7434556,127.1152194,R
111602.09,-27.07,36.7434551,127.1152209,R
111602.15,-27.07,36.7434541,127.1152226,R
111602.15,-27.09,36.7434536,127.1152243,R
111602.21,-27.12,36.7434531,127.1152258,R
111602.21,-27.12,36.7434531,127.1152258,R
111602.27,-27.14,36.7434515,127.1152291,R
111602.27,-27.14,36.7434515,127.1152291,R
111602.34,-27.18,36.7434500,127.1152324,R
111602.34,-27.19,36.7434495,127.1152341,R
111602.40,-27.19,36.7434490,127.1152358,R
111602.46,-27.21,36.7434480,127.1152374,R
111602.46,-27.24,36.7434475,127.1152393,R
111602.52,-27.01,36.7434480,127.1152404,R
111602.52,-27.01,36.7434480,127.1152404,R
111602.59,-27.05,36.7434464,127.1152439,R
111602.59,-27.05,36.7434464,127.1152439,R
111602.65,-27.07,36.7434454,127.1152474,R
111602.65,-27.07,36.7434454,127.1152474,R
111602.71,-27.09,36.7434439,127.1152509,R
111602.71,-27.09,36.7434439,127.1152509,R
111602.77,-27.13,36.7434424,127.1152544,R
111602.77,-27.13,36.7434424,127.1152544,R
111602.84,-27.15,36.7434409,127.1152579,R
111602.84,-27.15,36.7434409,127.1152579,R
111602.90,-27.19,36.7434393,127.1152616,R
111602.90,-27.19,36.7434393,127.1152616,R
111602.96,-27.24,36.7434378,127.1152653,R
111602.96,-27.24,36.7434378,127.1152653,R
111603.02,-27.26,36.7434363,127.1152689,R
111603.09,-27.27,36.7434358,127.1152707,R
111603.09,-27.27,36.7434358,127.1152707,R
111603.15,-27.31,36.7434342,127.1152746,R
111603.15,-27.32,36.7434332,127.1152764,R
111603.21,-27.34,36.7434322,127.1152782,R
111603.21,-27.36,36.7434317,127.1152801,R
111603.21,-27.36,36.7434317,127.1152801,R
111603.27,-27.40,36.7434302,127.1152839,R
111603.34,-27.42,36.7434292,127.1152857,R
111603.34,-27.42,36.7434292,127.1152857,R
111603.40,-27.45,36.7434276,127.1152896,R
111603.40,-27.46,36.7434271,127.1152916,R
111603.46,-27.49,36.7434261,127.1152934,R
111603.52,-26.88,36.7434266,127.1152956,R
111603.52,-26.88,36.7434266,127.1152956,R
111603.52,-26.92,36.7434251,127.1152994,R
111603.52,-26.92,36.7434251,127.1152994,R
111603.65,-26.95,36.7434236,127.1153034,R
111603.65,-26.95,36.7434236,127.1153034,R
111603.71,-26.97,36.7434220,127.1153072,R
111603.71,-26.97,36.7434220,127.1153072,R
111603.77,-26.99,36.7434205,127.1153112,R
111603.77,-26.99,36.7434205,127.1153112,R
111603.84,-27.01,36.7434190,127.1153151,R
111603.84,-27.01,36.7434190,127.1153151,R
111603.90,-27.00,36.7434169,127.1153191,R
111603.90,-27.00,36.7434169,127.1153191,R
111603.96,-27.02,36.7434154,127.1153231,R
111603.96,-27.02,36.7434154,127.1153231,R
111604.02,-27.03,36.7434139,127.1153271,R
111604.02,-27.05,36.7434129,127.1153291,R
111604.02,-27.05,36.7434129,127.1153291,R
111604.09,-27.05,36.7434114,127.1153331,R
111604.09,-27.05,36.7434114,127.1153331,R
111604.21,-27.06,36.7434098,127.1153371,R
111604.21,-27.07,36.7434088,127.1153391,R
111604.21,-27.07,36.7434088,127.1153391,R
111604.27,-27.07,36.7434073,127.1153431,R
111604.34,-27.08,36.7434063,127.1153451,R
111604.34,-27.09,36.7434058,127.1153471,R
111604.40,-27.11,36.7434047,127.1153491,R
111604.40,-27.11,36.7434037,127.1153511,R
111604.46,-27.12,36.7434032,127.1153531,R
111604.46,-26.83,36.7434032,127.1153551,R
111604.46,-26.83,36.7434032,127.1153551,R
111604.52,-26.83,36.7434017,127.1153591,R
111604.52,-26.83,36.7434017,127.1153591,R
111604.59,-26.84,36.7434002,127.1153631,R
111604.59,-26.84,36.7434002,127.1153631,R
111604.65,-26.87,36.7433986,127.1153671,R
111604.65,-26.87,36.7433986,127.1153671,R
111604.77,-26.88,36.7433971,127.1153711,R
111604.77,-26.88,36.7433971,127.1153711,R
111604.84,-26.92,36.7433951,127.1153751,R
111604.84,-26.92,36.7433951,127.1153751,R
111604.90,-26.93,36.7433936,127.1153793,R
111604.90,-26.93,36.7433936,127.1153793,R
111604.96,-26.94,36.7433920,127.1153833,R
111604.96,-26.94,36.7433910,127.1153852,R
111605.02,-26.94,36.7433905,127.1153873,R
111605.02,-26.94,36.7433905,127.1153873,R
111605.09,-26.96,36.7433885,127.1153914,R
111605.09,-26.99,36.7433880,127.1153934,R
111605.15,-27.00,36.7433869,127.1153954,R
111605.15,-27.00,36.7433859,127.1153974,R
111605.21,-27.01,36.7433854,127.1153996,R
111605.21,-27.01,36.7433854,127.1153996,R
111605.27,-27.02,36.7433834,127.1154036,R
111605.27,-27.02,36.7433834,127.1154036,R
111605.34,-27.05,36.7433819,127.1154077,R
111605.40,-27.05,36.7433808,127.1154098,R
111605.40,-27.07,36.7433803,127.1154118,R
111605.46,-27.07,36.7433793,127.1154137,R
111605.46,-27.07,36.7433793,127.1154137,R
111605.52,-26.88,36.7433788,127.1154179,R
111605.52,-26.88,36.7433788,127.1154179,R
111605.59,-26.92,36.7433768,127.1154221,R
111605.59,-26.92,36.7433768,127.1154221,R
111605.65,-26.94,36.7433752,127.1154262,R
111605.65,-26.94,36.7433752,127.1154262,R
111605.71,-26.94,36.7433732,127.1154304,R
111605.71,-26.94,36.7433732,127.1154304,R
111605.77,-26.94,36.7433717,127.1154348,R
111605.77,-26.94,36.7433717,127.1154348,R
111605.84,-26.95,36.7433702,127.1154389,R
111605.84,-26.95,36.7433702,127.1154389,R
111605.90,-27.00,36.7433681,127.1154432,R
111605.90,-27.00,36.7433681,127.1154432,R
111605.96,-27.01,36.7433666,127.1154476,R
111606.02,-27.00,36.7433656,127.1154498,R
111606.02,-27.00,36.7433646,127.1154519,R
111606.09,-26.99,36.7433635,127.1154541,R
111606.09,-26.99,36.7433630,127.1154563,R
111606.15,-26.99,36.7433620,127.1154584,R
111606.15,-27.00,36.7433610,127.1154608,R
111606.21,-27.01,36.7433600,127.1154629,R
111606.21,-27.03,36.7433595,127.1154651,R
111606.27,-27.05,36.7433585,127.1154674,R
111606.27,-27.06,36.7433574,127.1154696,R
111606.34,-27.03,36.7433564,127.1154719,R
111606.34,-27.03,36.7433554,127.1154741,R
111606.40,-27.03,36.7433544,127.1154764,R
111606.40,-27.03,36.7433539,127.1154788,R
111606.46,-26.92,36.7433534,127.1154811,R
111606.52,-26.93,36.7433524,127.1154834,R
111606.52,-26.93,36.7433524,127.1154834,R
111606.59,-26.95,36.7433508,127.1154879,R
111606.59,-26.95,36.7433508,127.1154879,R
111606.65,-26.95,36.7433488,127.1154926,R
111606.65,-26.95,36.7433488,127.1154926,R
111606.71,-26.95,36.7433468,127.1154973,R
111606.71,-26.95,36.7433468,127.1154973,R
111606.77,-26.97,36.7433447,127.1155021,R
111606.77,-26.97,36.7433447,127.1155021,R
111606.84,-27.01,36.7433427,127.1155067,R
111606.84,-27.01,36.7433427,127.1155067,R
111606.90,-27.06,36.7433412,127.1155114,R
111606.90,-27.06,36.7433412,127.1155114,R
111606.96,-27.07,36.7433391,127.1155163,R
111606.96,-27.07,36.7433391,127.1155163,R
111607.02,-27.07,36.7433371,127.1155211,R
111607.02,-27.07,36.7433361,127.1155234,R
111607.02,-27.07,36.7433361,127.1155234,R
111607.15,-27.07,36.7433340,127.1155282,R
111607.15,-27.09,36.7433330,127.1155308,R
111607.21,-27.12,36.7433320,127.1155333,R
111607.21,-27.13,36.7433310,127.1155356,R
111607.21,-27.13,36.7433310,127.1155356,R
111607.27,-27.14,36.7433290,127.1155406,R
111607.34,-27.13,36.7433279,127.1155431,R
111607.34,-27.13,36.7433279,127.1155431,R
111607.40,-27.13,36.7433259,127.1155479,R
111607.40,-27.14,36.7433249,127.1155504,R
111607.46,-26.96,36.7433244,127.1155533,R
111607.46,-26.97,36.7433234,127.1155558,R
111607.46,-26.97,36.7433234,127.1155558,R
111607.52,-26.97,36.7433213,127.1155608,R
111607.52,-26.97,36.7433213,127.1155608,R
111607.59,-26.94,36.7433193,127.1155657,R
111607.59,-26.94,36.7433193,127.1155657,R
111607.71,-26.94,36.7433173,127.1155710,R
111607.71,-26.94,36.7433173,127.1155710,R
111607.77,-26.92,36.7433152,127.1155759,R
111607.77,-26.92,36.7433152,127.1155759,R
111607.84,-26.88,36.7433132,127.1155811,R
111607.84,-26.88,36.7433132,127.1155811,R
111607.90,-26.84,36.7433112,127.1155863,R
111607.90,-26.84,36.7433112,127.1155863,R
111607.96,-26.81,36.7433091,127.1155914,R
111607.96,-26.81,36.7433091,127.1155914,R
111608.02,-26.76,36.7433066,127.1155966,R
111608.02,-26.72,36.7433056,127.1155992,R
111608.02,-26.72,36.7433056,127.1155992,R
111608.09,-26.68,36.7433035,127.1156044,R
111608.15,-26.64,36.7433025,127.1156071,R
111608.15,-26.63,36.7433015,127.1156097,R
111608.21,-26.59,36.7433005,127.1156124,R
111608.21,-26.59,36.7433005,127.1156124,R
111608.27,-26.53,36.7432984,127.1156176,R
111608.27,-26.53,36.7432984,127.1156176,R
111608.34,-26.49,36.7432959,127.1156229,R
111608.40,-26.45,36.7432949,127.1156256,R
111608.40,-26.44,36.7432939,127.1156284,R
111608.46,-26.42,36.7432928,127.1156311,R
111608.46,-26.28,36.7432923,127.1156341,R
111608.46,-26.28,36.7432923,127.1156341,R
111608.52,-26.25,36.7432903,127.1156394,R
111608.52,-26.25,36.7432903,127.1156394,R
111608.59,-26.19,36.7432878,127.1156449,R
111608.59,-26.19,36.7432878,127.1156449,R
111608.65,-26.17,36.7432857,127.1156504,R
111608.65,-26.17,36.7432857,127.1156504,R
111608.71,-26.13,36.7432837,127.1156559,R
111608.71,-26.13,36.7432837,127.1156559,R
111608.77,-26.08,36.7432817,127.1156614,R
111608.77,-26.08,36.7432817,127.1156614,R
111608.90,-26.07,36.7432791,127.1156669,R
111608.90,-26.07,36.7432791,127.1156669,R
111608.96,-26.08,36.7432771,127.1156726,R
111608.96,-26.08,36.7432771,127.1156726,R
111609.02,-26.12,36.7432745,127.1156783,R
111609.02,-26.12,36.7432735,127.1156809,R
111609.09,-26.12,36.7432725,127.1156837,R
111609.09,-26.13,36.7432715,127.1156866,R
111609.15,-26.13,36.7432705,127.1156894,R
111609.15,-26.15,36.7432694,127.1156923,R
111609.21,-26.18,36.7432679,127.1156951,R
111609.21,-26.19,36.7432669,127.1156979,R
111609.27,-26.20,36.7432659,127.1157008,R
111609.27,-26.21,36.7432649,127.1157038,R
111609.34,-26.21,36.7432633,127.1157066,R
111609.34,-26.26,36.7432623,127.1157094,R
111609.34,-26.26,36.7432623,127.1157094,R
111609.46,-26.26,36.7432603,127.1157151,R
111609.46,-26.15,36.7432598,127.1157184,R
111609.46,-26.15,36.7432598,127.1157184,R
111609.52,-26.18,36.7432572,127.1157242,R
111609.52,-26.18,36.7432572,127.1157242,R
111609.59,-26.19,36.7432552,127.1157301,R
111609.59,-26.19,36.7432552,127.1157301,R
111609.65,-26.19,36.7432527,127.1157359,R
111609.65,-26.19,36.7432527,127.1157359,R
111609.71,-26.20,36.7432506,127.1157417,R
111609.71,-26.20,36.7432506,127.1157417,R
111609.77,-26.21,36.7432481,127.1157478,R
111609.77,-26.21,36.7432481,127.1157478,R
111609.84,-26.24,36.7432455,127.1157536,R
111609.84,-26.24,36.7432455,127.1157536,R
111609.90,-26.22,36.7432435,127.1157596,R
111609.90,-26.22,36.7432435,127.1157596,R
111610.02,-26.26,36.7432410,127.1157656,R
111610.02,-26.26,36.7432410,127.1157656,R
111610.02,-26.28,36.7432384,127.1157714,R
111610.09,-26.28,36.7432374,127.1157744,R
111610.15,-26.28,36.7432364,127.1157774,R
111610.15,-26.28,36.7432364,127.1157774,R
111610.21,-26.28,36.7432338,127.1157836,R
111610.21,-26.27,36.7432328,127.1157866,R
111610.27,-26.27,36.7432313,127.1157896,R
111610.27,-26.26,36.7432303,127.1157926,R
111610.27,-26.26,36.7432303,127.1157926,R
111610.34,-26.28,36.7432277,127.1157988,R
111610.40,-26.28,36.7432267,127.1158017,R
111610.40,-26.28,36.7432252,127.1158049,R
111610.40,-26.28,36.7432252,127.1158049,R
111610.46,-26.25,36.7432237,127.1158109,R
111610.46,-26.25,36.7432237,127.1158109,R
111610.52,-26.26,36.7432211,127.1158171,R
111610.52,-26.26,36.7432211,127.1158171,R
111610.59,-26.25,36.7432186,127.1158232,R
111610.59,-26.25,36.7432186,127.1158232,R
111610.71,-26.27,36.7432160,127.1158294,R
111610.71,-26.27,36.7432160,127.1158294,R
111610.77,-26.28,36.7432140,127.1158356,R
111610.77,-26.28,36.7432140,127.1158356,R
111610.84,-26.30,36.7432115,127.1158417,R
111610.84,-26.30,36.7432115,127.1158417,R
111610.90,-26.28,36.7432089,127.1158479,R
111610.90,-26.28,36.7432089,127.1158479,R
111610.96,-26.31,36.7432064,127.1158543,R
111610.96,-26.31,36.7432064,127.1158543,R
111611.02,-26.32,36.7432038,127.1158604,R
111611.02,-26.31,36.7432028,127.1158636,R
111611.09,-26.30,36.7432013,127.1158668,R
111611.09,-26.31,36.7432003,127.1158699,R
111611.15,-26.28,36.7431987,127.1158729,R
111611.21,-26.28,36.7431977,127.1158761,R
111611.21,-26.30,36.7431962,127.1158792,R
111611.21,-26.30,36.7431962,127.1158792,R
111611.27,-26.32,36.7431942,127.1158856,R
111611.34,-26.32,36.7431926,127.1158888,R
111611.34,-26.30,36.7431916,127.1158919,R
111611.40,-26.27,36.7431901,127.1158951,R
111611.40,-26.27,36.7431891,127.1158983,R
111611.46,-26.26,36.7431876,127.1159014,R
111611.46,-26.25,36.7431870,127.1159044,R
111611.46,-26.25,36.7431870,127.1159044,R
111611.52,-26.22,36.7431845,127.1159108,R
111611.52,-26.22,36.7431845,127.1159108,R
111611.59,-26.21,36.7431820,127.1159173,R
111611.59,-26.21,36.7431820,127.1159173,R
111611.65,-26.21,36.7431794,127.1159236,R
111611.65,-26.21,36.7431794,127.1159236,R
111611.77,-26.22,36.7431769,127.1159301,R
111611.77,-26.22,36.7431769,127.1159301,R
111611.77,-26.22,36.7431743,127.1159364,R
111611.77,-26.22,36.7431743,127.1159364,R
111611.90,-26.21,36.7431718,127.1159429,R
111611.90,-26.21,36.7431718,127.1159429,R
111611.96,-26.21,36.7431692,127.1159492,R
111611.96,-26.21,36.7431692,127.1159492,R
111612.02,-26.24,36.7431667,127.1159557,R
111612.02,-26.24,36.7431657,127.1159589,R
111612.09,-26.25,36.7431642,127.1159623,R
111612.09,-26.26,36.7431631,127.1159654,R
111612.15,-26.26,36.7431616,127.1159688,R
111612.15,-26.25,36.7431606,127.1159719,R
111612.21,-26.26,36.7431591,127.1159752,R
111612.21,-26.26,36.7431591,127.1159752,R
111612.27,-26.24,36.7431565,127.1159817,R
111612.27,-26.24,36.7431565,127.1159817,R
111612.34,-26.24,36.7431540,127.1159883,R
111612.34,-26.24,36.7431530,127.1159914,R
111612.40,-26.22,36.7431514,127.1159948,R
111612.46,-26.21,36.7431499,127.1159979,R
111612.46,-26.21,36.7431489,127.1160013,R
111612.52,-26.21,36.7431479,127.1160047,R
111612.52,-26.21,36.7431479,127.1160047,R
111612.59,-26.24,36.7431453,127.1160114,R
111612.59,-26.24,36.7431453,127.1160114,R
111612.65,-26.24,36.7431428,127.1160179,R
111612.65,-26.24,36.7431428,127.1160179,R
111612.71,-26.26,36.7431403,127.1160246,R
111612.71,-26.26,36.7431403,127.1160246,R
111612.77,-26.26,36.7431372,127.1160313,R
111612.77,-26.26,36.7431372,127.1160313,R
111612.84,-26.31,36.7431347,127.1160379,R
111612.84,-26.31,36.7431347,127.1160379,R
111612.90,-26.28,36.7431321,127.1160446,R
111612.90,-26.28,36.7431321,127.1160446,R
111612.96,-26.28,36.7431296,127.1160512,R
111613.02,-26.28,36.7431280,127.1160546,R
111613.02,-26.30,36.7431270,127.1160579,R
111613.09,-26.28,36.7431255,127.1160613,R
111613.09,-26.28,36.7431245,127.1160646,R
111613.15,-26.28,36.7431230,127.1160679,R
111613.15,-26.27,36.7431214,127.1160714,R
111613.21,-26.26,36.7431204,127.1160747,R
111613.21,-26.26,36.7431204,127.1160747,R
111613.27,-26.26,36.7431174,127.1160814,R
111613.27,-26.26,36.7431174,127.1160814,R
111613.34,-26.26,36.7431148,127.1160882,R
111613.34,-26.26,36.7431148,127.1160882,R
111613.40,-26.26,36.7431123,127.1160949,R
111613.40,-26.26,36.7431108,127.1160984,R
111613.46,-26.28,36.7431092,127.1161018,R
111613.52,-26.19,36.7431087,127.1161051,R
111613.52,-26.19,36.7431077,127.1161084,R
111613.52,-26.19,36.7431077,127.1161084,R
111613.59,-26.21,36.7431052,127.1161152,R
111613.59,-26.21,36.7431052,127.1161152,R
111613.65,-26.21,36.7431021,127.1161221,R
111613.65,-26.21,36.7431021,127.1161221,R
111613.71,-26.25,36.7430996,127.1161289,R
111613.71,-26.25,36.7430996,127.1161289,R
111613.77,-26.26,36.7430965,127.1161358,R
111613.77,-26.26,36.7430965,127.1161358,R
111613.84,-26.26,36.7430940,127.1161428,R
111613.84,-26.26,36.7430940,127.1161428,R
111613.90,-26.25,36.7430914,127.1161496,R
111613.90,-26.25,36.7430914,127.1161496,R
111613.96,-26.26,36.7430884,127.1161566,R
111613.96,-26.26,36.7430884,127.1161566,R
111614.02,-26.27,36.7430858,127.1161634,R
111614.09,-26.27,36.7430843,127.1161669,R
111614.09,-26.27,36.7430828,127.1161704,R
111614.15,-26.28,36.7430818,127.1161739,R
111614.21,-26.28,36.7430802,127.1161774,R
111614.21,-26.28,36.7430787,127.1161809,R
111614.21,-26.28,36.7430787,127.1161809,R
111614.27,-26.27,36.7430762,127.1161879,R
111614.34,-26.28,36.7430746,127.1161914,R
111614.34,-26.28,36.7430731,127.1161949,R
111614.34,-26.28,36.7430731,127.1161949,R
111614.40,-26.27,36.7430706,127.1162021,R
111614.46,-26.27,36.7430690,127.1162056,R
111614.46,-26.11,36.7430685,127.1162088,R
111614.52,-26.12,36.7430670,127.1162123,R
111614.52,-26.12,36.7430670,127.1162123,R
111614.59,-26.14,36.7430645,127.1162193,R
111614.59,-26.14,36.7430645,127.1162193,R
111614.65,-26.18,36.7430619,127.1162263,R
111614.65,-26.18,36.7430619,127.1162263,R
111614.71,-26.21,36.7430589,127.1162334,R
111614.71,-26.21,36.7430589,127.1162334,R
111614.77,-26.25,36.7430563,127.1162404,R
111614.77,-26.25,36.7430563,127.1162404,R
111614.84,-26.26,36.7430533,127.1162476,R
111614.84,-26.26,36.7430533,127.1162476,R
111614.90,-26.27,36.7430502,127.1162547,R
111614.90,-26.27,36.7430502,127.1162547,R
111614.96,-26.30,36.7430477,127.1162617,R
111614.96,-26.30,36.7430477,127.1162617,R
111615.02,-26.32,36.7430446,127.1162689,R
111615.02,-26.32,36.7430446,127.1162689,R
111615.09,-26.32,36.7430421,127.1162761,R
111615.15,-26.34,36.7430406,127.1162797,R
111615.15,-26.36,36.7430390,127.1162833,R
111615.21,-26.36,36.7430375,127.1162869,R
111615.21,-26.36,36.7430375,127.1162869,R
111615.27,-26.38,36.7430350,127.1162941,R
111615.27,-26.39,36.7430334,127.1162976,R
111615.34,-26.40,36.7430319,127.1163013,R
111615.40,-26.42,36.7430304,127.1163048,R
111615.40,-26.44,36.7430289,127.1163084,R
111615.46,-26.45,36.7430273,127.1163121,R
111615.46,-26.47,36.7430263,127.1163156,R
111615.52,-26.44,36.7430253,127.1163194,R
111615.52,-26.44,36.7430253,127.1163194,R
111615.59,-26.47,36.7430223,127.1163268,R
111615.59,-26.47,36.7430223,127.1163268,R
111615.65,-26.51,36.7430192,127.1163339,R
111615.65,-26.51,36.7430192,127.1163339,R
111615.71,-26.53,36.7430167,127.1163413,R
111615.71,-26.53,36.7430167,127.1163413,R
111615.77,-26.55,36.7430136,127.1163486,R
111615.77,-26.55,36.7430136,127.1163486,R
111615.84,-26.58,36.7430106,127.1163558,R
111615.84,-26.58,36.7430106,127.1163558,R
111615.90,-26.62,36.7430075,127.1163631,R
111615.90,-26.62,36.7430075,127.1163631,R
111615.96,-26.65,36.7430050,127.1163704,R
111615.96,-26.65,36.7430050,127.1163704,R
111616.02,-26.69,36.7430019,127.1163780,R
111616.09,-26.71,36.7430004,127.1163816,R
111616.09,-26.71,36.7429989,127.1163853,R
111616.15,-26.74,36.7429973,127.1163890,R
111616.15,-26.76,36.7429958,127.1163926,R
111616.21,-26.76,36.7429943,127.1163963,R
111616.21,-26.76,36.7429943,127.1163963,R
111616.27,-26.80,36.7429912,127.1164038,R
111616.27,-26.80,36.7429912,127.1164038,R
111616.34,-26.82,36.7429882,127.1164113,R
111616.34,-26.82,36.7429866,127.1164149,R
111616.40,-26.84,36.7429851,127.1164186,R
111616.40,-26.83,36.7429836,127.1164224,R
111616.46,-26.84,36.7429821,127.1164261,R
111616.52,-26.71,36.7429816,127.1164298,R
111616.52,-26.72,36.7429800,127.1164336,R
111616.52,-26.72,36.7429800,127.1164336,R
111616.59,-26.76,36.7429770,127.1164409,R
111616.59,-26.76,36.7429770,127.1164409,R
111616.65,-26.76,36.7429739,127.1164484,R
111616.65,-26.76,36.7429739,127.1164484,R
111616.71,-26.75,36.7429709,127.1164559,R
111616.71,-26.75,36.7429709,127.1164559,R
111616.77,-26.76,36.7429678,127.1164634,R
111616.77,-26.76,36.7429678,127.1164634,R
111616.84,-26.76,36.7429648,127.1164709,R
111616.84,-26.76,36.7429648,127.1164709,R
111616.90,-26.76,36.7429617,127.1164783,R
111616.90,-26.76,36.7429617,127.1164783,R
111616.96,-26.76,36.7429587,127.1164858,R
111617.02,-26.75,36.7429571,127.1164894,R
111617.02,-26.82,36.7429556,127.1164933,R
111617.09,-26.82,36.7429541,127.1164969,R
111617.15,-26.82,36.7429526,127.1165008,R
111617.15,-26.83,36.7429510,127.1165044,R
111617.21,-26.86,36.7429495,127.1165082,R
111617.21,-26.88,36.7429485,127.1165119,R
111617.21,-26.88,36.7429485,127.1165119,R
111617.27,-26.86,36.7429449,127.1165194,R
111617.34,-26.88,36.7429434,127.1165232,R
111617.34,-26.87,36.7429419,127.1165269,R
111617.40,-26.87,36.7429404,127.1165307,R
111617.40,-26.83,36.7429388,127.1165344,R
111617.46,-26.82,36.7429373,127.1165382,R
111617.46,-26.78,36.7429368,127.1165416,R
111617.52,-26.77,36.7429353,127.1165454,R
111617.52,-26.77,36.7429353,127.1165454,R
111617.59,-26.77,36.7429322,127.1165527,R
111617.59,-26.77,36.7429322,127.1165527,R
111617.65,-26.74,36.7429292,127.1165602,R
111617.65,-26.74,36.7429292,127.1165602,R
111617.71,-26.76,36.7429261,127.1165677,R
111617.71,-26.76,36.7429261,127.1165677,R
111617.77,-26.77,36.7429231,127.1165752,R
111617.77,-26.77,36.7429231,127.1165752,R
111617.84,-26.80,36.7429200,127.1165827,R
111617.84,-26.80,36.7429200,127.1165827,R
111617.90,-26.80,36.7429170,127.1165902,R
111617.90,-26.80,36.7429170,127.1165902,R
111617.96,-26.82,36.7429139,127.1165976,R
111617.96,-26.82,36.7429139,127.1165976,R
111618.02,-26.84,36.7429109,127.1166051,R
111618.09,-26.83,36.7429093,127.1166089,R
111618.09,-26.83,36.7429078,127.1166126,R
111618.15,-26.82,36.7429063,127.1166164,R
111618.15,-26.82,36.7429048,127.1166201,R
111618.21,-26.80,36.7429032,127.1166239,R
111618.21,-26.80,36.7429032,127.1166239,R
111618.27,-26.76,36.7429002,127.1166314,R
111618.27,-26.74,36.7428987,127.1166351,R
111618.34,-26.76,36.7428971,127.1166389,R
111618.40,-26.75,36.7428956,127.1166426,R
111618.40,-26.75,36.7428956,127.1166426,R
111618.46,-26.76,36.7428926,127.1166501,R
111618.46,-26.50,36.7428920,127.1166536,R
111618.52,-26.50,36.7428905,127.1166574,R
111618.52,-26.50,36.7428905,127.1166574,R
111618.59,-26.50,36.7428875,127.1166649,R
111618.59,-26.50,36.7428875,127.1166649,R
111618.65,-26.49,36.7428844,127.1166724,R
111618.65,-26.49,36.7428844,127.1166724,R
111618.71,-26.47,36.7428814,127.1166799,R
111618.71,-26.47,36.7428814,127.1166799,R
111618.77,-26.45,36.7428788,127.1166875,R
111618.77,-26.45,36.7428788,127.1166875,R
111618.84,-26.47,36.7428758,127.1166950,R
111618.84,-26.47,36.7428758,127.1166950,R
111618.90,-26.49,36.7428727,127.1167024,R
111618.90,-26.49,36.7428727,127.1167024,R
111618.96,-26.47,36.7428697,127.1167099,R
111618.96,-26.47,36.7428697,127.1167099,R
111619.02,-26.51,36.7428666,127.1167174,R
111619.09,-26.47,36.7428651,127.1167213,R
111619.09,-26.47,36.7428636,127.1167249,R
111619.15,-26.47,36.7428620,127.1167288,R
111619.15,-26.45,36.7428605,127.1167326,R
111619.21,-26.46,36.7428590,127.1167363,R
111619.21,-26.46,36.7428590,127.1167363,R
111619.27,-26.45,36.7428559,127.1167439,R
111619.27,-26.45,36.7428559,127.1167439,R
111619.34,-26.44,36.7428529,127.1167514,R
111619.34,-26.43,36.7428514,127.1167552,R
111619.40,-26.44,36.7428498,127.1167589,R
111619.46,-26.44,36.7428483,127.1167627,R
111619.46,-26.30,36.7428478,127.1167661,R
111619.52,-26.26,36.7428463,127.1167699,R
111619.52,-26.26,36.7428463,127.1167699,R
111619.59,-26.26,36.7428432,127.1167774,R
111619.59,-26.26,36.7428432,127.1167774,R
111619.65,-26.22,36.7428402,127.1167849,R
111619.65,-26.22,36.7428402,127.1167849,R
111619.71,-26.22,36.7428376,127.1167924,R
111619.71,-26.22,36.7428376,127.1167924,R
111619.77,-26.20,36.7428346,127.1167999,R
111619.77,-26.20,36.7428346,127.1167999,R
111619.84,-26.19,36.7428315,127.1168074,R
111619.84,-26.19,36.7428315,127.1168074,R
111619.90,-26.17,36.7428285,127.1168149,R
111619.90,-26.17,36.7428285,127.1168149,R
111619.96,-26.13,36.7428254,127.1168224,R
111619.96,-26.13,36.7428254,127.1168224,R
111620.02,-26.06,36.7428224,127.1168299,R
111620.02,-26.06,36.7428224,127.1168299,R
111620.09,-26.03,36.7428198,127.1168374,R
111620.15,-26.06,36.7428183,127.1168412,R
111620.15,-26.03,36.7428168,127.1168449,R
111620.21,-26.05,36.7428152,127.1168487,R
111620.21,-26.01,36.7428137,127.1168524,R
111620.21,-26.01,36.7428137,127.1168524,R
111620.27,-26.01,36.7428107,127.1168599,R
111620.34,-26.01,36.7428096,127.1168638,R
111620.34,-25.99,36.7428081,127.1168674,R
111620.40,-25.99,36.7428066,127.1168713,R
111620.40,-25.97,36.7428051,127.1168749,R
111620.40,-25.97,36.7428051,127.1168749,R
111620.46,-26.12,36.7428020,127.1168829,R
111620.46,-26.12,36.7428020,127.1168829,R
111620.52,-26.12,36.7427995,127.1168904,R
111620.52,-26.12,36.7427995,127.1168904,R
111620.59,-26.11,36.7427964,127.1168979,R
111620.59,-26.11,36.7427964,127.1168979,R
111620.71,-26.09,36.7427934,127.1169056,R
111620.71,-26.09,36.7427934,127.1169056,R
111620.77,-26.11,36.7427903,127.1169133,R
111620.77,-26.11,36.7427903,127.1169133,R
111620.84,-26.12,36.7427873,127.1169208,R
111620.84,-26.12,36.7427873,127.1169208,R
111620.90,-26.13,36.7427842,127.1169284,R
111620.90,-26.13,36.7427842,127.1169284,R
111620.96,-26.13,36.7427812,127.1169359,R
111620.96,-26.13,36.7427812,127.1169359,R
111621.02,-26.09,36.7427786,127.1169436,R
111621.02,-26.08,36.7427771,127.1169472,R
111621.02,-26.08,36.7427771,127.1169472,R
111621.09,-26.07,36.7427740,127.1169549,R
111621.15,-26.08,36.7427725,127.1169587,R
111621.15,-26.09,36.7427710,127.1169626,R
111621.21,-26.11,36.7427695,127.1169664,R
111621.21,-26.11,36.7427695,127.1169664,R
111621.27,-26.13,36.7427664,127.1169741,R
111621.34,-26.12,36.7427649,127.1169779,R
111621.34,-26.13,36.7427634,127.1169818,R
111621.40,-26.13,36.7427618,127.1169856,R
111621.40,-26.13,36.7427603,127.1169894,R
111621.46,-26.14,36.7427588,127.1169933,R
111621.46,-26.01,36.7427583,127.1169970,R
111621.52,-26.01,36.7427568,127.1170008,R
111621.52,-26.01,36.7427568,127.1170008,R
111621.59,-26.01,36.7427537,127.1170084,R
111621.59,-26.01,36.7427537,127.1170084,R
111621.65,-26.01,36.7427506,127.1170161,R
111621.65,-26.01,36.7427506,127.1170161,R
111621.71,-26.01,36.7427476,127.1170238,R
111621.71,-26.01,36.7427476,127.1170238,R
111621.77,-26.03,36.7427445,127.1170314,R
111621.77,-26.03,36.7427445,127.1170314,R
111621.84,-26.05,36.7427415,127.1170391,R
111621.84,-26.05,36.7427415,127.1170391,R
111621.90,-26.07,36.7427384,127.1170467,R
111621.90,-26.07,36.7427384,127.1170467,R
111621.96,-26.08,36.7427354,127.1170544,R
111621.96,-26.08,36.7427354,127.1170544,R
111622.02,-26.12,36.7427323,127.1170621,R
111622.09,-26.13,36.7427313,127.1170659,R
111622.09,-26.14,36.7427298,127.1170697,R
111622.15,-26.14,36.7427278,127.1170736,R
111622.15,-26.17,36.7427262,127.1170776,R
111622.21,-26.15,36.7427247,127.1170814,R
111622.21,-26.15,36.7427247,127.1170814,R
111622.27,-26.19,36.7427222,127.1170891,R
111622.27,-26.19,36.7427222,127.1170891,R
111622.34,-26.21,36.7427191,127.1170968,R
111622.34,-26.22,36.7427176,127.1171006,R
111622.40,-26.22,36.7427156,127.1171044,R
111622.46,-26.26,36.7427140,127.1171084,R
111622.46,-26.26,36.7427140,127.1171084,R
111622.52,-26.21,36.7427120,127.1171158,R
111622.52,-26.21,36.7427120,127.1171158,R
111622.59,-26.24,36.7427089,127.1171236,R
111622.59,-26.24,36.7427089,127.1171236,R
111622.65,-26.26,36.7427059,127.1171312,R
111622.65,-26.26,36.7427059,127.1171312,R
111622.71,-26.26,36.7427028,127.1171389,R
111622.71,-26.26,36.7427028,127.1171389,R
111622.77,-26.27,36.7426998,127.1171467,R
111622.77,-26.27,36.7426998,127.1171467,R
111622.84,-26.32,36.7426967,127.1171544,R
111622.84,-26.32,36.7426967,127.1171544,R
111622.90,-26.31,36.7426932,127.1171623,R
111622.90,-26.31,36.7426932,127.1171623,R
111622.96,-26.30,36.7426906,127.1171699,R
111622.96,-26.30,36.7426906,127.1171699,R
111623.02,-26.30,36.7426871,127.1171778,R
111623.09,-26.30,36.7426855,127.1171816,R
111623.09,-26.27,36.7426840,127.1171854,R
111623.15,-26.27,36.7426830,127.1171894,R
111623.15,-26.27,36.7426810,127.1171933,R
111623.21,-26.28,36.7426794,127.1171973,R
111623.21,-26.28,36.7426779,127.1172011,R
111623.27,-26.28,36.7426764,127.1172049,R
111623.27,-26.27,36.7426749,127.1172089,R
111623.34,-26.28,36.7426733,127.1172127,R
111623.34,-26.28,36.7426718,127.1172167,R
111623.40,-26.30,36.7426703,127.1172206,R
111623.40,-26.28,36.7426688,127.1172246,R
111623.46,-26.30,36.7426672,127.1172284,R
111623.46,-26.19,36.7426662,127.1172323,R
111623.46,-26.19,36.7426662,127.1172323,R
111623.52,-26.18,36.7426632,127.1172401,R
111623.52,-26.18,36.7426632,127.1172401,R
111623.65,-26.17,36.7426601,127.1172479,R
111623.65,-26.17,36.7426601,127.1172479,R
111623.71,-26.19,36.7426571,127.1172559,R
111623.71,-26.19,36.7426571,127.1172559,R
111623.77,-26.19,36.7426540,127.1172637,R
111623.77,-26.19,36.7426540,127.1172637,R
111623.84,-26.20,36.7426510,127.1172716,R
111623.84,-26.20,36.7426510,127.1172716,R
111623.90,-26.20,36.7426479,127.1172794,R
111623.90,-26.20,36.7426479,127.1172794,R
111623.96,-26.21,36.7426443,127.1172874,R
111623.96,-26.21,36.7426443,127.1172874,R
111624.02,-26.22,36.7426413,127.1172953,R
111624.02,-26.24,36.7426398,127.1172993,R
111624.09,-26.25,36.7426382,127.1173031,R
111624.09,-26.26,36.7426367,127.1173071,R
111624.15,-26.26,36.7426352,127.1173111,R
111624.21,-26.27,36.7426337,127.1173151,R
111624.21,-26.28,36.7426321,127.1173189,R
111624.27,-26.32,36.7426306,127.1173229,R
111624.27,-26.32,36.7426306,127.1173229,R
111624.34,-26.32,36.7426271,127.1173309,R
111624.34,-26.32,36.7426255,127.1173349,R
111624.40,-26.34,36.7426240,127.1173387,R
111624.40,-26.34,36.7426240,127.1173387,R
111624.46,-26.36,36.7426209,127.1173468,R
111624.46,-26.26,36.7426204,127.1173506,R
111624.52,-26.30,36.7426189,127.1173545,R
111624.52,-26.30,36.7426189,127.1173545,R
111624.59,-26.34,36.7426154,127.1173624,R
111624.59,-26.34,36.7426154,127.1173624,R
111624.65,-26.38,36.7426123,127.1173704,R
111624.65,-26.38,36.7426123,127.1173704,R
111624.71,-26.40,36.7426092,127.1173782,R
111624.71,-26.40,36.7426092,127.1173782,R
111624.77,-26.42,36.7426062,127.1173862,R
111624.77,-26.42,36.7426062,127.1173862,R
111624.84,-26.44,36.7426031,127.1173943,R
111624.84,-26.44,36.7426031,127.1173943,R
111624.90,-26.44,36.7425996,127.1174021,R
111624.90,-26.44,36.7425996,127.1174021,R
111624.96,-26.44,36.7425965,127.1174101,R
111624.96,-26.44,36.7425965,127.1174101,R
111625.02,-26.40,36.7425935,127.1174181,R
111625.09,-26.40,36.7425920,127.1174221,R
111625.09,-26.42,36.7425899,127.1174261,R
111625.09,-26.42,36.7425899,127.1174261,R
111625.15,-26.42,36.7425869,127.1174341,R
111625.21,-26.43,36.7425853,127.1174381,R
111625.21,-26.43,36.7425853,127.1174381,R
111625.27,-26.42,36.7425823,127.1174461,R
111625.27,-26.42,36.7425823,127.1174461,R
111625.34,-26.39,36.7425787,127.1174541,R
111625.40,-26.39,36.7425772,127.1174581,R
111625.40,-26.39,36.7425757,127.1174621,R
111625.46,-26.39,36.7425742,127.1174663,R
111625.46,-26.39,36.7425742,127.1174663,R
111625.52,-26.33,36.7425716,127.1174739,R
111625.52,-26.33,36.7425716,127.1174739,R
111625.59,-26.38,36.7425686,127.1174819,R
111625.59,-26.38,36.7425686,127.1174819,R
111625.65,-26.39,36.7425655,127.1174899,R
111625.65,-26.39,36.7425655,127.1174899,R
111625.71,-26.40,36.7425619,127.1174979,R
111625.71,-26.40,36.7425619,127.1174979,R
111625.77,-26.43,36.7425589,127.1175061,R
111625.77,-26.43,36.7425589,127.1175061,R
111625.84,-26.44,36.7425558,127.1175141,R
111625.84,-26.44,36.7425558,127.1175141,R
111625.90,-26.45,36.7425528,127.1175221,R
111625.90,-26.45,36.7425528,127.1175221,R
111625.96,-26.45,36.7425492,127.1175301,R
111625.96,-26.45,36.7425492,127.1175301,R
111626.02,-26.44,36.7425462,127.1175383,R
111626.09,-26.44,36.7425447,127.1175423,R
111626.09,-26.43,36.7425426,127.1175463,R
111626.15,-26.40,36.7425411,127.1175503,R
111626.15,-26.40,36.7425396,127.1175544,R
111626.21,-26.39,36.7425380,127.1175584,R
111626.21,-26.39,36.7425380,127.1175584,R
111626.27,-26.40,36.7425350,127.1175666,R
111626.27,-26.40,36.7425350,127.1175666,R
111626.34,-26.43,36.7425314,127.1175746,R
111626.34,-26.43,36.7425314,127.1175746,R
111626.40,-26.45,36.7425284,127.1175828,R
111626.40,-26.45,36.7425284,127.1175828,R
111626.46,-26.49,36.7425253,127.1175909,R
111626.52,-26.38,36.7425243,127.1175949,R
111626.52,-26.39,36.7425228,127.1175989,R
111626.52,-26.39,36.7425228,127.1175989,R
111626.59,-26.39,36.7425192,127.1176071,R
111626.59,-26.39,36.7425192,127.1176071,R
111626.65,-26.40,36.7425162,127.1176152,R
111626.65,-26.40,36.7425162,127.1176152,R
111626.71,-26.38,36.7425126,127.1176233,R
111626.71,-26.38,36.7425126,127.1176233,R
111626.77,-26.38,36.7425096,127.1176314,R
111626.77,-26.38,36.7425096,127.1176314,R
111626.84,-26.40,36.7425060,127.1176396,R
111626.84,-26.40,36.7425060,127.1176396,R
111626.90,-26.42,36.7425029,127.1176477,R
111626.90,-26.42,36.7425029,127.1176477,R
111626.96,-26.38,36.7424999,127.1176559,R
111626.96,-26.38,36.7424999,127.1176559,R
111627.02,-26.38,36.7424963,127.1176643,R
111627.02,-26.38,36.7424963,127.1176643,R
111627.09,-26.38,36.7424933,127.1176724,R
111627.15,-26.39,36.7424918,127.1176764,R
111627.21,-26.39,36.7424897,127.1176806,R
111627.21,-26.40,36.7424882,127.1176847,R
111627.21,-26.40,36.7424882,127.1176847,R
111627.27,-26.43,36.7424851,127.1176929,R
111627.34,-26.43,36.7424831,127.1176971,R
111627.34,-26.43,36.7424816,127.1177013,R
111627.40,-26.43,36.7424801,127.1177054,R
111627.40,-26.43,36.7424801,127.1177054,R
111627.46,-26.43,36.7424765,127.1177136,R
111627.46,-26.42,36.7424760,127.1177174,R
111627.46,-26.42,36.7424760,127.1177174,R
111627.52,-26.44,36.7424729,127.1177256,R
111627.52,-26.44,36.7424729,127.1177256,R
111627.59,-26.45,36.7424694,127.1177339,R
111627.59,-26.45,36.7424694,127.1177339,R
111627.71,-26.46,36.7424663,127.1177421,R
111627.71,-26.46,36.7424663,127.1177421,R
111627.77,-26.49,36.7424628,127.1177504,R
111627.77,-26.49,36.7424628,127.1177504,R
111627.84,-26.49,36.7424592,127.1177586,R
111627.84,-26.49,36.7424592,127.1177586,R
111627.90,-26.51,36.7424562,127.1177669,R
111627.90,-26.51,36.7424562,127.1177669,R
111627.96,-26.53,36.7424526,127.1177751,R
111627.96,-26.53,36.7424511,127.1177793,R
111627.96,-26.53,36.7424511,127.1177793,R
111628.02,-26.55,36.7424480,127.1177876,R
111628.09,-26.57,36.7424460,127.1177917,R
111628.09,-26.55,36.7424445,127.1177959,R
111628.15,-26.55,36.7424429,127.1178001,R
111628.15,-26.56,36.7424409,127.1178043,R
111628.21,-26.58,36.7424394,127.1178084,R
111628.21,-26.58,36.7424394,127.1178084,R
111628.27,-26.63,36.7424363,127.1178167,R
111628.27,-26.63,36.7424363,127.1178167,R
111628.34,-26.64,36.7424328,127.1178251,R
111628.40,-26.64,36.7424312,127.1178293,R
111628.40,-26.63,36.7424292,127.1178334,R
111628.40,-26.63,36.7424292,127.1178334,R
111628.46,-26.52,36.7424272,127.1178413,R
111628.52,-26.51,36.7424256,127.1178454,R
111628.52,-26.51,36.7424256,127.1178454,R
111628.59,-26.55,36.7424221,127.1178537,R
111628.59,-26.55,36.7424221,127.1178537,R
111628.65,-26.58,36.7424185,127.1178621,R
111628.65,-26.58,36.7424185,127.1178621,R
111628.71,-26.59,36.7424155,127.1178705,R
111628.71,-26.59,36.7424155,127.1178705,R
111628.77,-26.59,36.7424119,127.1178786,R
111628.77,-26.59,36.7424119,127.1178786,R
111628.84,-26.63,36.7424089,127.1178869,R
111628.84,-26.63,36.7424089,127.1178869,R
111628.90,-26.69,36.7424053,127.1178952,R
111628.90,-26.69,36.7424053,127.1178952,R
111628.96,-26.69,36.7424022,127.1179036,R
111629.02,-26.69,36.7424002,127.1179078,R
111629.02,-26.69,36.7424002,127.1179078,R
111629.09,-26.71,36.7423972,127.1179161,R
111629.09,-26.72,36.7423951,127.1179202,R
111629.15,-26.74,36.7423936,127.1179244,R
111629.15,-26.75,36.7423921,127.1179286,R
111629.21,-26.74,36.7423900,127.1179328,R
111629.21,-26.76,36.7423885,127.1179369,R
111629.21,-26.76,36.7423885,127.1179369,R
111629.27,-26.81,36.7423849,127.1179453,R
111629.34,-26.82,36.7423834,127.1179496,R
111629.34,-26.81,36.7423819,127.1179537,R
111629.40,-26.82,36.7423799,127.1179579,R
111629.40,-26.80,36.7423783,127.1179621,R
111629.46,-26.63,36.7423778,127.1179661,R
111629.52,-26.65,36.7423758,127.1179703,R
111629.52,-26.65,36.7423758,127.1179703,R
111629.59,-26.67,36.7423722,127.1179786,R
111629.59,-26.67,36.7423722,127.1179786,R
111629.65,-26.68,36.7423692,127.1179869,R
111629.65,-26.68,36.7423692,127.1179869,R
111629.71,-26.69,36.7423656,127.1179954,R
111629.71,-26.69,36.7423656,127.1179954,R
111629.77,-26.69,36.7423626,127.1180038,R
111629.77,-26.69,36.7423626,127.1180038,R
111629.84,-26.72,36.7423590,127.1180121,R
111629.84,-26.72,36.7423590,127.1180121,R
111629.90,-26.71,36.7423554,127.1180206,R
111629.90,-26.71,36.7423554,127.1180206,R
111629.96,-26.74,36.7423519,127.1180290,R
111629.96,-26.74,36.7423519,127.1180290,R
111630.02,-26.72,36.7423488,127.1180374,R
111630.02,-26.72,36.7423488,127.1180374,R
111630.09,-26.74,36.7423453,127.1180457,R
111630.09,-26.74,36.7423453,127.1180457,R
111630.15,-26.76,36.7423417,127.1180543,R
111630.21,-26.75,36.7423402,127.1180585,R
111630.21,-26.75,36.7423402,127.1180585,R
111630.27,-26.76,36.7423366,127.1180668,R
111630.27,-26.76,36.7423366,127.1180668,R
111630.34,-26.76,36.7423336,127.1180752,R
111630.34,-26.76,36.7423315,127.1180794,R
111630.34,-26.76,36.7423315,127.1180794,R
111630.40,-26.78,36.7423285,127.1180879,R
111630.40,-26.78,36.7423285,127.1180879,R
111630.46,-26.65,36.7423259,127.1180961,R
111630.46,-26.65,36.7423259,127.1180961,R
111630.52,-26.67,36.7423224,127.1181046,R
111630.52,-26.67,36.7423224,127.1181046,R
111630.59,-26.68,36.7423188,127.1181129,R
111630.59,-26.68,36.7423188,127.1181129,R
111630.71,-26.69,36.7423153,127.1181214,R
111630.71,-26.69,36.7423153,127.1181214,R
111630.77,-26.69,36.7423122,127.1181297,R
111630.77,-26.69,36.7423122,127.1181297,R
111630.84,-26.69,36.7423087,127.1181382,R
111630.84,-26.69,36.7423087,127.1181382,R
111630.90,-26.69,36.7423051,127.1181468,R
111630.90,-26.69,36.7423051,127.1181468,R
111630.96,-26.70,36.7423020,127.1181551,R
111630.96,-26.69,36.7423000,127.1181594,R
111631.02,-26.70,36.7422985,127.1181636,R
111631.02,-26.70,36.7422970,127.1181677,R
111631.09,-26.70,36.7422949,127.1181721,R
111631.09,-26.69,36.7422934,127.1181763,R
111631.15,-26.69,36.7422914,127.1181804,R
111631.15,-26.69,36.7422898,127.1181848,R
111631.21,-26.69,36.7422883,127.1181889,R
111631.21,-26.69,36.7422883,127.1181889,R
111631.27,-26.68,36.7422847,127.1181974,R
111631.34,-26.68,36.7422832,127.1182016,R
111631.34,-26.68,36.7422832,127.1182016,R
111631.40,-26.65,36.7422797,127.1182101,R
111631.40,-26.64,36.7422781,127.1182144,R
111631.40,-26.64,36.7422781,127.1182144,R
111631.46,-26.55,36.7422756,127.1182226,R
111631.46,-26.55,36.7422756,127.1182226,R
111631.52,-26.51,36.7422720,127.1182311,R
111631.52,-26.51,36.7422720,127.1182311,R
111631.59,-26.49,36.7422685,127.1182396,R
111631.59,-26.49,36.7422685,127.1182396,R
111631.65,-26.44,36.7422649,127.1182481,R
111631.65,-26.44,36.7422649,127.1182481,R
111631.71,-26.43,36.7422619,127.1182566,R
111631.71,-26.43,36.7422619,127.1182566,R
111631.77,-26.40,36.7422583,127.1182651,R
111631.77,-26.40,36.7422583,127.1182651,R
111631.90,-26.39,36.7422547,127.1182736,R
111631.90,-26.39,36.7422547,127.1182736,R
111631.96,-26.36,36.7422517,127.1182821,R
111631.96,-26.36,36.7422517,127.1182821,R
111632.02,-26.33,36.7422481,127.1182905,R
111632.02,-26.32,36.7422466,127.1182948,R
111632.09,-26.30,36.7422446,127.1182989,R
111632.09,-26.28,36.7422430,127.1183032,R
111632.15,-26.27,36.7422415,127.1183074,R
111632.15,-26.27,36.7422415,127.1183074,R
111632.21,-26.26,36.7422380,127.1183159,R
111632.21,-26.26,36.7422380,127.1183159,R
111632.27,-26.26,36.7422344,127.1183244,R
111632.27,-26.26,36.7422344,127.1183244,R
111632.34,-26.24,36.7422313,127.1183331,R
111632.34,-26.22,36.7422298,127.1183372,R
111632.40,-26.21,36.7422278,127.1183416,R
111632.46,-26.18,36.7422263,127.1183458,R
111632.46,-26.15,36.7422247,127.1183501,R
111632.52,-26.13,36.7422237,127.1183543,R
111632.52,-26.09,36.7422217,127.1183586,R
111632.52,-26.09,36.7422217,127.1183586,R
111632.59,-26.11,36.7422186,127.1183671,R
111632.59,-26.11,36.7422186,127.1183671,R
111632.65,-26.11,36.7422151,127.1183756,R
111632.65,-26.11,36.7422151,127.1183756,R
111632.71,-26.09,36.7422115,127.1183842,R
111632.71,-26.09,36.7422115,127.1183842,R
111632.77,-26.08,36.7422085,127.1183927,R
111632.77,-26.08,36.7422085,127.1183927,R
111632.84,-26.08,36.7422049,127.1184014,R
111632.84,-26.08,36.7422049,127.1184014,R
111632.90,-26.08,36.7422018,127.1184099,R
111632.90,-26.08,36.7422018,127.1184099,R
111633.02,-26.08,36.7421983,127.1184186,R
111633.02,-26.08,36.7421983,127.1184186,R
111633.02,-26.11,36.7421947,127.1184273,R
111633.09,-26.09,36.7421932,127.1184316,R
111633.15,-26.12,36.7421917,127.1184359,R
111633.15,-26.12,36.7421896,127.1184402,R
111633.21,-26.11,36.7421881,127.1184446,R
111633.21,-26.11,36.7421881,127.1184446,R
111633.27,-26.09,36.7421845,127.1184533,R
111633.27,-26.09,36.7421845,127.1184533,R
111633.34,-26.07,36.7421810,127.1184619,R
111633.34,-26.07,36.7421795,127.1184662,R
111633.40,-26.07,36.7421774,127.1184708,R
111633.40,-26.07,36.7421774,127.1184708,R
111633.46,-26.07,36.7421744,127.1184794,R
111633.46,-25.87,36.7421739,127.1184828,R
111633.52,-25.87,36.7421723,127.1184869,R
111633.52,-25.87,36.7421723,127.1184869,R
111633.59,-25.86,36.7421688,127.1184956,R
111633.59,-25.86,36.7421688,127.1184956,R
111633.65,-25.83,36.7421657,127.1185041,R
111633.65,-25.83,36.7421657,127.1185041,R
111633.71,-25.84,36.7421622,127.1185128,R
111633.71,-25.84,36.7421622,127.1185128,R
111633.77,-25.83,36.7421591,127.1185212,R
111633.77,-25.83,36.7421591,127.1185212,R
111633.84,-25.82,36.7421556,127.1185299,R
111633.84,-25.82,36.7421556,127.1185299,R
111633.90,-25.82,36.7421525,127.1185384,R
111633.90,-25.82,36.7421525,127.1185384,R
111633.96,-25.84,36.7421489,127.1185471,R
111633.96,-25.84,36.7421489,127.1185471,R
111634.02,-25.88,36.7421454,127.1185558,R
111634.09,-25.88,36.7421439,127.1185599,R
111634.09,-25.92,36.7421423,127.1185643,R
111634.09,-25.92,36.7421423,127.1185643,R
111634.21,-25.94,36.7421388,127.1185729,R
111634.21,-25.94,36.7421372,127.1185773,R
111634.21,-25.94,36.7421372,127.1185773,R
111634.27,-25.95,36.7421337,127.1185858,R
111634.27,-25.95,36.7421337,127.1185858,R
111634.34,-25.97,36.7421301,127.1185944,R
111634.34,-25.97,36.7421301,127.1185944,R
111634.40,-25.97,36.7421271,127.1186031,R
111634.46,-26.01,36.7421250,127.1186073,R
111634.46,-25.88,36.7421240,127.1186116,R
111634.52,-25.88,36.7421225,127.1186159,R
111634.52,-25.88,36.7421225,127.1186159,R
111634.59,-25.90,36.7421194,127.1186246,R
111634.59,-25.90,36.7421194,127.1186246,R
111634.65,-25.94,36.7421159,127.1186333,R
111634.65,-25.94,36.7421159,127.1186333,R
111634.71,-25.94,36.7421123,127.1186419,R
111634.71,-25.94,36.7421123,127.1186419,R
111634.77,-25.97,36.7421093,127.1186506,R
111634.77,-25.97,36.7421093,127.1186506,R
111634.84,-26.01,36.7421057,127.1186591,R
111634.84,-26.01,36.7421057,127.1186591,R
111634.90,-26.03,36.7421021,127.1186677,R
111634.90,-26.03,36.7421021,127.1186677,R
111634.96,-26.06,36.7420991,127.1186764,R
111635.02,-26.07,36.7420971,127.1186808,R
111635.02,-26.07,36.7420971,127.1186808,R
111635.09,-26.07,36.7420935,127.1186894,R
111635.09,-26.07,36.7420920,127.1186937,R
111635.15,-26.07,36.7420905,127.1186981,R
111635.15,-26.09,36.7420889,127.1187024,R
111635.21,-26.08,36.7420869,127.1187068,R
111635.21,-26.08,36.7420869,127.1187068,R
111635.27,-26.07,36.7420838,127.1187154,R
111635.27,-26.07,36.7420838,127.1187154,R
111635.34,-26.08,36.7420803,127.1187241,R
111635.34,-26.12,36.7420782,127.1187284,R
111635.40,-26.13,36.7420767,127.1187328,R
111635.46,-26.13,36.7420752,127.1187371,R
111635.46,-26.06,36.7420742,127.1187409,R
111635.52,-26.07,36.7420726,127.1187452,R
111635.52,-26.07,36.7420726,127.1187452,R
111635.59,-26.09,36.7420691,127.1187539,R
111635.59,-26.09,36.7420691,127.1187539,R
111635.65,-26.11,36.7420655,127.1187626,R
111635.65,-26.11,36.7420655,127.1187626,R
111635.71,-26.13,36.7420625,127.1187711,R
111635.71,-26.13,36.7420625,127.1187711,R
111635.77,-26.13,36.7420589,127.1187797,R
111635.77,-26.13,36.7420589,127.1187797,R
111635.84,-26.13,36.7420554,127.1187884,R
111635.84,-26.13,36.7420554,127.1187884,R
111635.90,-26.13,36.7420523,127.1187971,R
111635.90,-26.13,36.7420523,127.1187971,R
111635.96,-26.14,36.7420487,127.1188058,R
111635.96,-26.14,36.7420487,127.1188058,R
111636.02,-26.17,36.7420452,127.1188144,R
111636.02,-26.17,36.7420452,127.1188144,R
111636.09,-26.19,36.7420421,127.1188231,R
111636.15,-26.21,36.7420401,127.1188272,R
111636.15,-26.22,36.7420386,127.1188316,R
111636.21,-26.22,36.7420365,127.1188360,R
111636.21,-26.25,36.7420350,127.1188403,R
111636.27,-26.25,36.7420335,127.1188446,R
111636.27,-26.25,36.7420335,127.1188446,R
111636.34,-26.26,36.7420299,127.1188532,R
111636.34,-26.28,36.7420284,127.1188576,R
111636.34,-26.28,36.7420284,127.1188576,R
111636.40,-26.28,36.7420248,127.1188663,R
111636.46,-26.19,36.7420238,127.1188704,R
111636.52,-26.20,36.7420223,127.1188747,R
111636.52,-26.20,36.7420223,127.1188747,R
111636.52,-26.21,36.7420187,127.1188834,R
111636.52,-26.21,36.7420187,127.1188834,R
111636.65,-26.22,36.7420152,127.1188921,R
111636.65,-26.22,36.7420152,127.1188921,R
111636.71,-26.21,36.7420121,127.1189007,R
111636.71,-26.21,36.7420121,127.1189007,R
111636.77,-26.18,36.7420086,127.1189094,R
111636.77,-26.18,36.7420086,127.1189094,R
111636.84,-26.19,36.7420050,127.1189181,R
111636.84,-26.19,36.7420050,127.1189181,R
111636.90,-26.19,36.7420014,127.1189267,R
111636.90,-26.19,36.7420014,127.1189267,R
111636.96,-26.19,36.7419979,127.1189355,R
111636.96,-26.19,36.7419979,127.1189355,R
111637.02,-26.17,36.7419948,127.1189442,R
111637.02,-26.17,36.7419928,127.1189486,R
111637.09,-26.18,36.7419913,127.1189529,R
111637.09,-26.15,36.7419897,127.1189573,R
111637.09,-26.15,36.7419897,127.1189573,R
111637.21,-26.14,36.7419862,127.1189659,R
111637.21,-26.14,36.7419847,127.1189702,R
111637.27,-26.15,36.7419826,127.1189746,R
111637.27,-26.15,36.7419826,127.1189746,R
111637.34,-26.14,36.7419791,127.1189833,R
111637.34,-26.14,36.7419775,127.1189876,R
111637.40,-26.14,36.7419755,127.1189919,R
111637.40,-26.14,36.7419755,127.1189919,R
111637.46,-26.07,36.7419735,127.1190006,R
111637.46,-26.07,36.7419714,127.1190049,R
111637.46,-26.07,36.7419714,127.1190049,R
111637.52,-26.07,36.7419679,127.1190136,R
111637.52,-26.07,36.7419679,127.1190136,R
111637.59,-26.07,36.7419648,127.1190222,R
111637.59,-26.07,36.7419648,127.1190222,R
111637.65,-26.08,36.7419613,127.1190309,R
111637.65,-26.08,36.7419613,127.1190309,R
111637.77,-26.07,36.7419577,127.1190396,R
111637.77,-26.07,36.7419577,127.1190396,R
111637.84,-26.08,36.7419546,127.1190482,R
111637.84,-26.08,36.7419546,127.1190482,R
111637.90,-26.11,36.7419511,127.1190570,R
111637.90,-26.11,36.7419511,127.1190570,R
111637.96,-26.12,36.7419475,127.1190656,R
111637.96,-26.12,36.7419475,127.1190656,R
111638.02,-26.13,36.7419440,127.1190742,R
111638.02,-26.13,36.7419440,127.1190742,R
111638.09,-26.13,36.7419409,127.1190831,R
111638.09,-26.12,36.7419389,127.1190874,R
111638.15,-26.12,36.7419374,127.1190917,R
111638.15,-26.13,36.7419358,127.1190961,R
111638.21,-26.13,36.7419338,127.1191004,R
111638.21,-26.13,36.7419338,127.1191004,R
111638.27,-26.13,36.7419302,127.1191091,R
111638.27,-26.14,36.7419287,127.1191134,R
111638.34,-26.14,36.7419267,127.1191177,R
111638.40,-26.14,36.7419251,127.1191221,R
111638.40,-26.15,36.7419236,127.1191264,R
111638.46,-26.15,36.7419216,127.1191308,R
111638.46,-26.03,36.7419206,127.1191354,R
111638.46,-26.03,36.7419206,127.1191354,R
111638.52,-26.03,36.7419175,127.1191441,R
111638.52,-26.03,36.7419175,127.1191441,R
111638.59,-26.03,36.7419140,127.1191528,R
111638.59,-26.03,36.7419140,127.1191528,R
111638.65,-26.05,36.7419104,127.1191614,R
111638.65,-26.05,36.7419104,127.1191614,R
111638.71,-26.07,36.7419068,127.1191701,R
111638.71,-26.07,36.7419068,127.1191701,R
111638.77,-26.11,36.7419038,127.1191788,R
111638.77,-26.11,36.7419038,127.1191788,R
111638.84,-26.14,36.7419002,127.1191874,R
111638.84,-26.14,36.7419002,127.1191874,R
111638.96,-26.19,36.7418972,127.1191961,R
111638.96,-26.19,36.7418972,127.1191961,R
111639.02,-26.21,36.7418936,127.1192048,R
111639.02,-26.22,36.7418916,127.1192091,R
111639.02,-26.22,36.7418916,127.1192091,R
111639.09,-26.22,36.7418885,127.1192176,R
111639.15,-26.24,36.7418865,127.1192219,R
111639.15,-26.25,36.7418850,127.1192263,R
111639.21,-26.26,36.7418834,127.1192306,R
111639.21,-26.26,36.7418834,127.1192306,R
111639.27,-26.30,36.7418799,127.1192392,R
111639.27,-26.30,36.7418778,127.1192436,R
111639.34,-26.32,36.7418763,127.1192479,R
111639.34,-26.33,36.7418748,127.1192523,R
111639.34,-26.33,36.7418748,127.1192523,R
111639.40,-26.38,36.7418712,127.1192609,R
111639.46,-26.30,36.7418702,127.1192646,R
111639.52,-26.28,36.7418687,127.1192689,R
111639.52,-26.28,36.7418687,127.1192689,R
111639.59,-26.30,36.7418651,127.1192774,R
111639.59,-26.30,36.7418651,127.1192774,R
111639.65,-26.31,36.7418616,127.1192861,R
111639.65,-26.31,36.7418616,127.1192861,R
111639.71,-26.33,36.7418585,127.1192946,R
111639.71,-26.33,36.7418585,127.1192946,R
111639.77,-26.38,36.7418550,127.1193031,R
111639.77,-26.38,36.7418550,127.1193031,R
111639.84,-26.39,36.7418514,127.1193116,R
111639.84,-26.39,36.7418514,127.1193116,R
111639.90,-26.42,36.7418483,127.1193202,R
111639.90,-26.42,36.7418483,127.1193202,R
111639.96,-26.44,36.7418448,127.1193287,R
111639.96,-26.44,36.7418448,127.1193287,R
111640.02,-26.43,36.7418412,127.1193373,R
111640.02,-26.44,36.7418397,127.1193416,R
111640.09,-26.44,36.7418382,127.1193458,R
111640.15,-26.46,36.7418361,127.1193501,R
111640.15,-26.47,36.7418346,127.1193544,R
111640.21,-26.47,36.7418326,127.1193586,R
111640.21,-26.50,36.7418311,127.1193630,R
111640.27,-26.50,36.7418295,127.1193673,R
111640.27,-26.51,36.7418280,127.1193714,R
111640.34,-26.51,36.7418260,127.1193757,R
111640.34,-26.51,36.7418244,127.1193799,R
111640.40,-26.51,36.7418224,127.1193843,R
111640.40,-26.53,36.7418209,127.1193886,R
111640.46,-26.51,36.7418199,127.1193925,R
111640.46,-26.52,36.7418183,127.1193968,R
111640.46,-26.52,36.7418183,127.1193968,R
111640.52,-26.53,36.7418148,127.1194052,R
111640.52,-26.53,36.7418148,127.1194052,R
111640.59,-26.55,36.7418112,127.1194138,R
111640.59,-26.55,36.7418112,127.1194138,R
111640.71,-26.57,36.7418082,127.1194223,R
111640.71,-26.57,36.7418082,127.1194223,R
111640.77,-26.61,36.7418046,127.1194309,R
111640.77,-26.61,36.7418046,127.1194309,R
111640.84,-26.63,36.7418010,127.1194394,R
111640.84,-26.63,36.7418010,127.1194394,R
111640.90,-26.65,36.7417975,127.1194479,R
111640.90,-26.65,36.7417975,127.1194479,R
111640.96,-26.67,36.7417939,127.1194564,R
111640.96,-26.67,36.7417939,127.1194564,R
111641.02,-26.67,36.7417909,127.1194651,R
111641.02,-26.68,36.7417888,127.1194693,R
111641.02,-26.68,36.7417888,127.1194693,R
111641.09,-26.71,36.7417853,127.1194778,R
111641.15,-26.72,36.7417837,127.1194821,R
111641.15,-26.72,36.7417837,127.1194821,R
111641.21,-26.75,36.7417802,127.1194906,R
111641.21,-26.75,36.7417802,127.1194906,R
111641.27,-26.76,36.7417766,127.1194993,R
111641.27,-26.77,36.7417751,127.1195034,R
111641.34,-26.76,36.7417736,127.1195078,R
111641.40,-26.76,36.7417715,127.1195121,R
111641.40,-26.76,36.7417715,127.1195121,R
111641.46,-26.74,36.7417690,127.1195204,R
111641.46,-26.76,36.7417675,127.1195248,R
111641.46,-26.76,36.7417675,127.1195248,R
111641.52,-26.76,36.7417639,127.1195333,R
111641.52,-26.76,36.7417639,127.1195333,R
111641.59,-26.78,36.7417604,127.1195417,R
111641.59,-26.78,36.7417604,127.1195417,R
111641.65,-26.81,36.7417568,127.1195504,R
111641.65,-26.81,36.7417568,127.1195504,R
111641.71,-26.82,36.7417532,127.1195589,R
111641.71,-26.82,36.7417532,127.1195589,R
111641.77,-26.84,36.7417497,127.1195674,R
111641.77,-26.84,36.7417497,127.1195674,R
111641.90,-26.88,36.7417466,127.1195761,R
111641.90,-26.88,36.7417466,127.1195761,R
111641.96,-26.89,36.7417431,127.1195846,R
111641.96,-26.89,36.7417431,127.1195846,R
111642.02,-26.94,36.7417395,127.1195931,R
111642.02,-26.94,36.7417380,127.1195974,R
111642.09,-26.95,36.7417359,127.1196016,R
111642.09,-26.95,36.7417344,127.1196059,R
111642.15,-26.95,36.7417324,127.1196101,R
111642.15,-26.95,36.7417324,127.1196101,R
111642.21,-26.97,36.7417288,127.1196186,R
111642.21,-26.97,36.7417288,127.1196186,R
111642.27,-27.00,36.7417253,127.1196271,R
111642.27,-27.00,36.7417253,127.1196271,R
111642.34,-26.99,36.7417217,127.1196356,R
111642.34,-26.99,36.7417217,127.1196356,R
111642.40,-27.01,36.7417186,127.1196441,R
111642.46,-27.01,36.7417166,127.1196484,R
111642.46,-26.95,36.7417156,127.1196531,R
111642.52,-26.95,36.7417136,127.1196574,R
111642.52,-26.95,36.7417136,127.1196574,R
111642.59,-26.97,36.7417100,127.1196661,R
111642.59,-26.97,36.7417100,127.1196661,R
111642.65,-27.00,36.7417064,127.1196746,R
111642.65,-27.00,36.7417064,127.1196746,R
111642.71,-27.05,36.7417029,127.1196833,R
111642.71,-27.05,36.7417029,127.1196833,R
111642.77,-27.07,36.7416998,127.1196918,R
111642.77,-27.07,36.7416998,127.1196918,R
111642.84,-27.09,36.7416963,127.1197004,R
111642.84,-27.09,36.7416963,127.1197004,R
111642.90,-27.11,36.7416927,127.1197089,R
111642.90,-27.11,36.7416927,127.1197089,R
111642.96,-27.13,36.7416891,127.1197176,R
111642.96,-27.13,36.7416891,127.1197176,R
111643.02,-27.15,36.7416856,127.1197262,R
111643.02,-27.19,36.7416835,127.1197306,R
111643.09,-27.24,36.7416820,127.1197348,R
111643.15,-27.24,36.7416800,127.1197391,R
111643.15,-27.25,36.7416785,127.1197434,R
111643.21,-27.26,36.7416764,127.1197477,R
111643.21,-27.26,36.7416749,127.1197521,R
111643.27,-27.26,36.7416729,127.1197564,R
111643.27,-27.28,36.7416708,127.1197608,R
111643.34,-27.30,36.7416693,127.1197651,R
111643.34,-27.28,36.7416678,127.1197694,R
111643.40,-27.32,36.7416657,127.1197737,R
111643.40,-27.32,36.7416657,127.1197737,R
111643.46,-27.08,36.7416632,127.1197823,R
111643.46,-27.08,36.7416612,127.1197866,R
111643.46,-27.08,36.7416612,127.1197866,R
111643.52,-27.08,36.7416581,127.1197953,R
111643.52,-27.08,36.7416581,127.1197953,R
111643.59,-27.07,36.7416540,127.1198039,R
111643.59,-27.07,36.7416540,127.1198039,R
111643.71,-27.05,36.7416510,127.1198126,R
111643.71,-27.05,36.7416510,127.1198126,R
111643.77,-27.02,36.7416469,127.1198212,R
111643.77,-27.02,36.7416469,127.1198212,R
111643.84,-27.01,36.7416434,127.1198299,R
111643.84,-27.01,36.7416434,127.1198299,R
111643.90,-27.02,36.7416403,127.1198388,R
111643.90,-27.02,36.7416403,127.1198388,R
111643.96,-27.01,36.7416362,127.1198474,R
111643.96,-27.01,36.7416347,127.1198517,R
111644.02,-27.01,36.7416327,127.1198561,R
111644.02,-27.01,36.7416312,127.1198605,R
111644.02,-27.01,36.7416312,127.1198605,R
111644.09,-27.03,36.7416276,127.1198691,R
111644.15,-27.03,36.7416256,127.1198736,R
111644.21,-27.05,36.7416240,127.1198779,R
111644.21,-27.06,36.7416220,127.1198823,R
111644.21,-27.06,36.7416220,127.1198823,R
111644.27,-27.05,36.7416184,127.1198911,R
111644.34,-27.06,36.7416169,127.1198954,R
111644.34,-27.06,36.7416149,127.1198997,R
111644.40,-27.07,36.7416129,127.1199041,R
111644.40,-27.08,36.7416113,127.1199086,R
111644.46,-27.08,36.7416098,127.1199129,R
111644.46,-26.96,36.7416083,127.1199176,R
111644.46,-26.96,36.7416083,127.1199176,R
111644.52,-26.96,36.7416047,127.1199264,R
111644.52,-26.96,36.7416047,127.1199264,R
111644.59,-26.96,36.7416012,127.1199351,R
111644.59,-26.96,36.7416012,127.1199351,R
111644.65,-26.94,36.7415976,127.1199439,R
111644.65,-26.94,36.7415976,127.1199439,R
111644.77,-26.92,36.7415940,127.1199528,R
111644.77,-26.92,36.7415940,127.1199528,R
111644.77,-26.88,36.7415905,127.1199616,R
111644.77,-26.88,36.7415905,127.1199616,R
111644.90,-26.88,36.7415869,127.1199704,R
111644.90,-26.88,36.7415869,127.1199704,R
111644.96,-26.88,36.7415833,127.1199793,R
111644.96,-26.88,36.7415833,127.1199793,R
111645.02,-26.86,36.7415798,127.1199881,R
111645.02,-26.86,36.7415778,127.1199924,R
111645.09,-26.83,36.7415762,127.1199969,R
111645.09,-26.82,36.7415742,127.1200014,R
111645.15,-26.82,36.7415727,127.1200057,R
111645.15,-26.81,36.7415706,127.1200102,R
111645.21,-26.80,36.7415691,127.1200146,R
111645.21,-26.80,36.7415691,127.1200146,R
111645.27,-26.75,36.7415650,127.1200236,R
111645.27,-26.75,36.7415650,127.1200236,R
111645.34,-26.72,36.7415615,127.1200324,R
111645.34,-26.72,36.7415615,127.1200324,R
111645.40,-26.70,36.7415579,127.1200414,R
111645.46,-26.69,36.7415564,127.1200458,R
111645.46,-26.71,36.7415549,127.1200502,R
111645.46,-26.71,36.7415549,127.1200502,R
111645.52,-26.69,36.7415518,127.1200591,R
111645.52,-26.69,36.7415518,127.1200591,R
111645.59,-26.64,36.7415477,127.1200681,R
111645.59,-26.64,36.7415477,127.1200681,R
111645.65,-26.61,36.7415442,127.1200771,R
111645.65,-26.61,36.7415442,127.1200771,R
111645.71,-26.58,36.7415406,127.1200859,R
111645.71,-26.58,36.7415406,127.1200859,R
111645.77,-26.57,36.7415371,127.1200949,R
111645.77,-26.57,36.7415371,127.1200949,R
111645.84,-26.57,36.7415335,127.1201039,R
111645.84,-26.57,36.7415335,127.1201039,R
111645.90,-26.56,36.7415299,127.1201129,R
111645.96,-26.55,36.7415279,127.1201174,R
111646.02,-26.53,36.7415264,127.1201220,R
111646.02,-26.51,36.7415243,127.1201264,R
111646.09,-26.51,36.7415228,127.1201309,R
111646.09,-26.51,36.7415208,127.1201352,R
111646.15,-26.49,36.7415193,127.1201398,R
111646.15,-26.46,36.7415172,127.1201443,R
111646.21,-26.44,36.7415152,127.1201488,R
111646.21,-26.44,36.7415137,127.1201534,R
111646.27,-26.43,36.7415116,127.1201579,R
111646.27,-26.42,36.7415101,127.1201624,R
111646.27,-26.42,36.7415101,127.1201624,R
111646.34,-26.38,36.7415065,127.1201714,R
111646.40,-26.37,36.7415045,127.1201759,R
111646.40,-26.38,36.7415030,127.1201804,R
111646.46,-26.32,36.7415020,127.1201851,R
111646.52,-26.33,36.7414999,127.1201896,R
111646.52,-26.33,36.7414999,127.1201896,R
111646.52,-26.33,36.7414964,127.1201988,R
111646.52,-26.33,36.7414964,127.1201988,R
111646.65,-26.32,36.7414928,127.1202078,R
111646.65,-26.32,36.7414928,127.1202078,R
111646.71,-26.30,36.7414893,127.1202167,R
111646.71,-26.30,36.7414893,127.1202167,R
111646.77,-26.27,36.7414852,127.1202259,R
111646.77,-26.27,36.7414852,127.1202259,R
111646.84,-26.26,36.7414821,127.1202351,R
111646.84,-26.26,36.7414821,127.1202351,R
111646.90,-26.26,36.7414781,127.1202441,R
111646.90,-26.26,36.7414781,127.1202441,R
111646.96,-26.26,36.7414745,127.1202532,R
111646.96,-26.26,36.7414745,127.1202532,R
111647.02,-26.27,36.7414709,127.1202624,R
111647.02,-26.27,36.7414709,127.1202624,R
111647.09,-26.28,36.7414674,127.1202716,R
111647.09,-26.28,36.7414674,127.1202716,R
111647.15,-26.30,36.7414638,127.1202808,R
111647.21,-26.28,36.7414618,127.1202853,R
111647.21,-26.27,36.7414603,127.1202899,R
111647.21,-26.27,36.7414603,127.1202899,R
111647.27,-26.30,36.7414562,127.1202991,R
111647.34,-26.30,36.7414547,127.1203036,R
111647.34,-26.30,36.7414547,127.1203036,R
111647.40,-26.32,36.7414511,127.1203127,R
111647.40,-26.32,36.7414511,127.1203127,R
111647.46,-26.34,36.7414470,127.1203219,R
111647.46,-26.26,36.7414460,127.1203264,R
111647.46,-26.26,36.7414460,127.1203264,R
111647.52,-26.24,36.7414425,127.1203356,R
111647.52,-26.24,36.7414425,127.1203356,R
111647.59,-26.21,36.7414389,127.1203447,R
111647.59,-26.21,36.7414389,127.1203447,R
111647.65,-26.24,36.7414353,127.1203541,R
111647.65,-26.24,36.7414353,127.1203541,R
111647.77,-26.26,36.7414318,127.1203632,R
111647.77,-26.26,36.7414318,127.1203632,R
111647.84,-26.24,36.7414277,127.1203724,R
111647.84,-26.24,36.7414277,127.1203724,R
111647.90,-26.25,36.7414247,127.1203816,R
111647.90,-26.25,36.7414247,127.1203816,R
111647.96,-26.25,36.7414206,127.1203908,R
111647.96,-26.25,36.7414206,127.1203908,R
111648.02,-26.22,36.7414170,127.1204001,R
111648.02,-26.21,36.7414155,127.1204046,R
111648.09,-26.20,36.7414135,127.1204093,R
111648.09,-26.19,36.7414114,127.1204139,R
111648.15,-26.19,36.7414099,127.1204186,R
111648.15,-26.19,36.7414079,127.1204231,R
111648.21,-26.19,36.7414058,127.1204278,R
111648.21,-26.19,36.7414058,127.1204278,R
111648.27,-26.19,36.7414023,127.1204369,R
111648.27,-26.19,36.7414023,127.1204369,R
111648.34,-26.18,36.7413987,127.1204463,R
111648.40,-26.18,36.7413967,127.1204509,R
111648.40,-26.18,36.7413967,127.1204509,R
111648.46,-26.13,36.7413931,127.1204601,R
111648.46,-26.08,36.7413921,127.1204649,R
111648.46,-26.08,36.7413921,127.1204649,R
111648.52,-26.06,36.7413885,127.1204742,R
111648.52,-26.06,36.7413885,127.1204742,R
111648.59,-26.05,36.7413850,127.1204836,R
111648.59,-26.05,36.7413850,127.1204836,R
111648.65,-26.01,36.7413809,127.1204927,R
111648.65,-26.01,36.7413809,127.1204927,R
111648.71,-25.99,36.7413774,127.1205021,R
111648.71,-25.99,36.7413774,127.1205021,R
111648.77,-25.95,36.7413738,127.1205114,R
111648.77,-25.95,36.7413738,127.1205114,R
111648.84,-25.94,36.7413702,127.1205208,R
111648.84,-25.94,36.7413702,127.1205208,R
111648.96,-25.92,36.7413662,127.1205301,R
111648.96,-25.89,36.7413646,127.1205349,R
111649.02,-25.89,36.7413626,127.1205396,R
111649.02,-25.90,36.7413611,127.1205442,R
111649.09,-25.90,36.7413590,127.1205489,R
111649.09,-25.89,36.7413570,127.1205536,R
111649.15,-25.92,36.7413555,127.1205584,R
111649.15,-25.89,36.7413535,127.1205631,R
111649.15,-25.89,36.7413535,127.1205631,R
111649.21,-25.88,36.7413499,127.1205724,R
111649.27,-25.88,36.7413479,127.1205772,R
111649.27,-25.89,36.7413463,127.1205819,R
111649.27,-25.89,36.7413463,127.1205819,R
111649.34,-25.88,36.7413428,127.1205914,R
111649.40,-25.88,36.7413407,127.1205961,R
111649.40,-25.88,36.7413387,127.1206008,R
111649.46,-25.83,36.7413377,127.1206053,R
111649.52,-25.83,36.7413362,127.1206099,R
111649.52,-25.83,36.7413362,127.1206099,R
111649.52,-25.83,36.7413321,127.1206195,R
111649.52,-25.83,36.7413321,127.1206195,R
111649.65,-25.86,36.7413285,127.1206287,R
111649.65,-25.86,36.7413285,127.1206287,R
111649.71,-25.86,36.7413250,127.1206383,R
111649.71,-25.86,36.7413250,127.1206383,R
111649.77,-25.84,36.7413214,127.1206477,R
111649.77,-25.84,36.7413214,127.1206477,R
111649.84,-25.87,36.7413173,127.1206571,R
111649.84,-25.87,36.7413173,127.1206571,R
111649.90,-25.87,36.7413138,127.1206666,R
111649.90,-25.87,36.7413138,127.1206666,R
111649.96,-25.87,36.7413102,127.1206761,R
111649.96,-25.87,36.7413102,127.1206761,R
111650.02,-25.88,36.7413067,127.1206856,R
111650.02,-25.88,36.7413067,127.1206856,R
111650.09,-25.88,36.7413026,127.1206949,R
111650.15,-25.89,36.7413011,127.1206997,R
111650.15,-25.92,36.7412990,127.1207044,R
111650.15,-25.92,36.7412990,127.1207044,R
111650.21,-25.92,36.7412955,127.1207139,R
111650.27,-25.93,36.7412934,127.1207186,R
111650.27,-25.93,36.7412919,127.1207234,R
111650.34,-25.96,36.7412899,127.1207281,R
111650.34,-25.97,36.7412878,127.1207329,R
111650.40,-25.99,36.7412863,127.1207376,R
111650.40,-25.99,36.7412843,127.1207423,R
111650.46,-26.01,36.7412822,127.1207471,R
111650.46,-25.96,36.7412812,127.1207519,R
111650.46,-25.96,36.7412812,127.1207519,R
111650.52,-26.01,36.7412777,127.1207614,R
111650.52,-26.01,36.7412777,127.1207614,R
111650.59,-26.03,36.7412736,127.1207709,R
111650.59,-26.03,36.7412736,127.1207709,R
111650.71,-26.07,36.7412700,127.1207806,R
111650.71,-26.07,36.7412700,127.1207806,R
111650.77,-26.07,36.7412665,127.1207901,R
111650.77,-26.07,36.7412665,127.1207901,R
111650.84,-26.11,36.7412624,127.1207996,R
111650.84,-26.11,36.7412624,127.1207996,R
111650.90,-26.09,36.7412588,127.1208091,R
111650.90,-26.09,36.7412588,127.1208091,R
111650.96,-26.12,36.7412548,127.1208188,R
111650.96,-26.12,36.7412548,127.1208188,R
111651.02,-26.14,36.7412512,127.1208282,R
111651.02,-26.15,36.7412492,127.1208329,R
111651.09,-26.20,36.7412477,127.1208378,R
111651.09,-26.20,36.7412477,127.1208378,R
111651.15,-26.19,36.7412436,127.1208473,R
111651.15,-26.19,36.7412416,127.1208521,R
111651.21,-26.19,36.7412400,127.1208567,R
111651.21,-26.19,36.7412400,127.1208567,R
111651.27,-26.24,36.7412360,127.1208665,R
111651.27,-26.24,36.7412360,127.1208665,R
111651.34,-26.24,36.7412324,127.1208759,R
111651.40,-26.26,36.7412304,127.1208806,R
111651.40,-26.26,36.7412304,127.1208806,R
111651.46,-26.27,36.7412268,127.1208902,R
111651.46,-26.18,36.7412258,127.1208947,R
111651.52,-26.19,36.7412238,127.1208994,R
111651.52,-26.19,36.7412238,127.1208994,R
111651.59,-26.20,36.7412202,127.1209089,R
111651.59,-26.20,36.7412202,127.1209089,R
111651.65,-26.21,36.7412161,127.1209184,R
111651.65,-26.21,36.7412161,127.1209184,R
111651.71,-26.24,36.7412126,127.1209279,R
111651.71,-26.24,36.7412126,127.1209279,R
111651.77,-26.25,36.7412090,127.1209374,R
111651.77,-26.25,36.7412090,127.1209374,R
111651.84,-26.27,36.7412049,127.1209471,R
111651.84,-26.27,36.7412049,127.1209471,R
111651.90,-26.30,36.7412014,127.1209566,R
111651.90,-26.30,36.7412014,127.1209566,R
111651.96,-26.33,36.7411973,127.1209661,R
111651.96,-26.33,36.7411973,127.1209661,R
111652.02,-26.38,36.7411937,127.1209756,R
111652.09,-26.39,36.7411917,127.1209803,R
111652.09,-26.40,36.7411897,127.1209851,R
111652.15,-26.44,36.7411881,127.1209899,R
111652.15,-26.44,36.7411861,127.1209946,R
111652.21,-26.45,36.7411841,127.1209994,R
111652.21,-26.47,36.7411820,127.1210041,R
111652.21,-26.47,36.7411820,127.1210041,R
111652.27,-26.49,36.7411785,127.1210136,R
111652.34,-26.49,36.7411764,127.1210184,R
111652.34,-26.51,36.7411744,127.1210231,R
111652.40,-26.51,36.7411729,127.1210279,R
111652.40,-26.51,36.7411729,127.1210279,R
111652.46,-26.45,36.7411698,127.1210372,R
111652.46,-26.45,36.7411698,127.1210372,R
111652.52,-26.45,36.7411658,127.1210466,R
111652.52,-26.45,36.7411658,127.1210466,R
111652.59,-26.49,36.7411622,127.1210561,R
111652.59,-26.49,36.7411622,127.1210561,R
111652.65,-26.50,36.7411581,127.1210656,R
111652.65,-26.50,36.7411581,127.1210656,R
111652.71,-26.51,36.7411546,127.1210751,R
111652.71,-26.51,36.7411546,127.1210751,R
111652.77,-26.53,36.7411505,127.1210846,R
111652.77,-26.53,36.7411505,127.1210846,R
111652.84,-26.53,36.7411469,127.1210941,R
111652.84,-26.53,36.7411469,127.1210941,R
111652.90,-26.53,36.7411429,127.1211036,R
111652.90,-26.53,36.7411429,127.1211036,R
111653.02,-26.55,36.7411393,127.1211131,R
111653.02,-26.55,36.7411393,127.1211131,R
111653.02,-26.53,36.7411353,127.1211226,R
111653.09,-26.55,36.7411332,127.1211274,R
111653.15,-26.52,36.7411317,127.1211323,R
111653.15,-26.53,36.7411297,127.1211369,R
111653.21,-26.53,36.7411276,127.1211417,R
111653.21,-26.55,36.7411256,127.1211465,R
111653.21,-26.55,36.7411256,127.1211465,R
111653.27,-26.57,36.7411220,127.1211559,R
111653.34,-26.59,36.7411200,127.1211608,R
111653.34,-26.61,36.7411180,127.1211656,R
111653.40,-26.62,36.7411164,127.1211702,R
111653.40,-26.61,36.7411144,127.1211751,R
111653.46,-26.62,36.7411124,127.1211799,R
111653.46,-26.62,36.7411124,127.1211799,R
111653.52,-26.61,36.7411083,127.1211894,R
111653.52,-26.63,36.7411068,127.1211941,R
111653.59,-26.57,36.7411052,127.1211988,R
111653.59,-26.59,36.7411037,127.1212034,R
111653.59,-26.59,36.7411037,127.1212034,R
111653.71,-26.61,36.7410996,127.1212129,R
111653.71,-26.61,36.7410996,127.1212129,R
111653.77,-26.59,36.7410961,127.1212224,R
111653.77,-26.59,36.7410961,127.1212224,R
111653.84,-26.61,36.7410920,127.1212319,R
111653.84,-26.61,36.7410920,127.1212319,R
111653.90,-26.62,36.7410885,127.1212416,R
111653.90,-26.62,36.7410885,127.1212416,R
111653.96,-26.63,36.7410844,127.1212511,R
111653.96,-26.63,36.7410844,127.1212511,R
111654.02,-26.63,36.7410808,127.1212606,R
111654.02,-26.63,36.7410808,127.1212606,R
111654.09,-26.61,36.7410768,127.1212701,R
111654.09,-26.61,36.7410768,127.1212701,R
111654.15,-26.57,36.7410727,127.1212796,R
111654.15,-26.57,36.7410712,127.1212844,R
111654.21,-26.57,36.7410691,127.1212892,R
111654.21,-26.57,36.7410691,127.1212892,R
111654.27,-26.56,36.7410651,127.1212988,R
111654.34,-26.56,36.7410630,127.1213036,R
111654.34,-26.53,36.7410615,127.1213083,R
111654.34,-26.53,36.7410615,127.1213083,R
111654.40,-26.52,36.7410574,127.1213179,R
111654.46,-26.53,36.7410554,127.1213228,R
111654.46,-26.51,36.7410544,127.1213273,R
111654.46,-26.51,36.7410544,127.1213273,R
111654.52,-26.51,36.7410503,127.1213369,R
111654.52,-26.51,36.7410503,127.1213369,R
111654.59,-26.51,36.7410467,127.1213464,R
111654.59,-26.51,36.7410467,127.1213464,R
111654.65,-26.51,36.7410427,127.1213559,R
111654.65,-26.51,36.7410427,127.1213559,R
111654.77,-26.52,36.7410391,127.1213656,R
111654.77,-26.52,36.7410391,127.1213656,R
111654.77,-26.52,36.7410351,127.1213751,R
111654.77,-26.52,36.7410351,127.1213751,R
111654.90,-26.51,36.7410315,127.1213847,R
111654.90,-26.51,36.7410315,127.1213847,R
111654.96,-26.51,36.7410274,127.1213943,R
111654.96,-26.53,36.7410254,127.1213991,R
111655.02,-26.55,36.7410234,127.1214039,R
111655.02,-26.56,36.7410218,127.1214088,R
111655.09,-26.56,36.7410198,127.1214134,R
111655.09,-26.56,36.7410198,127.1214134,R
111655.15,-26.57,36.7410157,127.1214231,R
111655.15,-26.57,36.7410137,127.1214279,R
111655.21,-26.56,36.7410122,127.1214327,R
111655.21,-26.56,36.7410122,127.1214327,R
111655.27,-26.56,36.7410081,127.1214423,R
111655.27,-26.56,36.7410081,127.1214423,R
111655.34,-26.55,36.7410040,127.1214519,R
111655.34,-26.56,36.7410025,127.1214568,R
111655.40,-26.55,36.7410005,127.1214616,R
111655.46,-26.56,36.7409984,127.1214664,R
111655.46,-26.56,36.7409984,127.1214664,R
111655.52,-26.50,36.7409954,127.1214758,R
111655.52,-26.50,36.7409954,127.1214758,R
111655.59,-26.49,36.7409913,127.1214855,R
111655.59,-26.49,36.7409913,127.1214855,R
111655.65,-26.49,36.7409877,127.1214951,R
111655.65,-26.49,36.7409877,127.1214951,R
111655.71,-26.52,36.7409837,127.1215046,R
111655.71,-26.52,36.7409837,127.1215046,R
111655.77,-26.53,36.7409801,127.1215143,R
111655.77,-26.53,36.7409801,127.1215143,R
111655.84,-26.52,36.7409761,127.1215239,R
111655.84,-26.52,36.7409761,127.1215239,R
111655.90,-26.51,36.7409725,127.1215335,R
111655.90,-26.51,36.7409725,127.1215335,R
111655.96,-26.49,36.7409684,127.1215431,R
111656.02,-26.50,36.7409664,127.1215479,R
111656.02,-26.49,36.7409644,127.1215528,R
111656.02,-26.49,36.7409644,127.1215528,R
111656.09,-26.51,36.7409608,127.1215623,R
111656.15,-26.51,36.7409588,127.1215671,R
111656.15,-26.52,36.7409567,127.1215719,R
111656.21,-26.55,36.7409547,127.1215767,R
111656.21,-26.55,36.7409532,127.1215814,R
111656.21,-26.55,36.7409532,127.1215814,R
111656.27,-26.57,36.7409491,127.1215911,R
111656.27,-26.57,36.7409491,127.1215911,R
111656.34,-26.55,36.7409450,127.1216006,R
111656.40,-26.55,36.7409435,127.1216054,R
111656.40,-26.51,36.7409415,127.1216101,R
111656.46,-26.51,36.7409394,127.1216149,R
111656.46,-26.55,36.7409379,127.1216202,R
111656.52,-26.52,36.7409359,127.1216249,R
111656.52,-26.52,36.7409359,127.1216249,R
111656.59,-26.49,36.7409323,127.1216346,R
111656.59,-26.49,36.7409323,127.1216346,R
111656.65,-26.47,36.7409282,127.1216443,R
111656.65,-26.47,36.7409282,127.1216443,R
111656.71,-26.45,36.7409242,127.1216537,R
111656.71,-26.45,36.7409242,127.1216537,R
111656.77,-26.45,36.7409206,127.1216634,R
111656.77,-26.45,36.7409206,127.1216634,R
111656.84,-26.43,36.7409165,127.1216731,R
111656.84,-26.43,36.7409165,127.1216731,R
111656.90,-26.43,36.7409130,127.1216826,R
111656.90,-26.43,36.7409130,127.1216826,R
111656.96,-26.43,36.7409089,127.1216923,R
111657.02,-26.43,36.7409069,127.1216969,R
111657.02,-26.43,36.7409054,127.1217017,R
111657.02,-26.43,36.7409054,127.1217017,R
111657.09,-26.42,36.7409013,127.1217113,R
111657.15,-26.40,36.7408992,127.1217161,R
111657.21,-26.42,36.7408977,127.1217209,R
111657.21,-26.43,36.7408957,127.1217256,R
111657.21,-26.43,36.7408957,127.1217256,R
111657.27,-26.42,36.7408921,127.1217351,R
111657.34,-26.39,36.7408901,127.1217399,R
111657.34,-26.39,36.7408881,127.1217446,R
111657.40,-26.39,36.7408860,127.1217494,R
111657.40,-26.38,36.7408845,127.1217541,R
111657.46,-26.37,36.7408825,127.1217589,R
111657.46,-26.27,36.7408809,127.1217639,R
111657.52,-26.26,36.7408789,127.1217688,R
111657.52,-26.26,36.7408789,127.1217688,R
111657.59,-26.26,36.7408753,127.1217782,R
111657.59,-26.26,36.7408753,127.1217782,R
111657.65,-26.26,36.7408718,127.1217878,R
111657.65,-26.26,36.7408718,127.1217878,R
111657.71,-26.24,36.7408677,127.1217972,R
111657.71,-26.24,36.7408677,127.1217972,R
111657.77,-26.22,36.7408642,127.1218069,R
111657.77,-26.22,36.7408642,127.1218069,R
111657.84,-26.20,36.7408601,127.1218164,R
111657.84,-26.20,36.7408601,127.1218164,R
111657.90,-26.19,36.7408565,127.1218259,R
111657.90,-26.19,36.7408565,127.1218259,R
111657.96,-26.19,36.7408525,127.1218354,R
111657.96,-26.19,36.7408525,127.1218354,R
111658.02,-26.19,36.7408489,127.1218451,R
111658.09,-26.20,36.7408469,127.1218498,R
111658.09,-26.19,36.7408453,127.1218546,R
111658.15,-26.20,36.7408433,127.1218592,R
111658.15,-26.19,36.7408413,127.1218641,R
111658.21,-26.19,36.7408392,127.1218688,R
111658.21,-26.19,36.7408392,127.1218688,R
111658.27,-26.22,36.7408357,127.1218784,R
111658.27,-26.22,36.7408357,127.1218784,R
111658.34,-26.21,36.7408321,127.1218879,R
111658.40,-26.20,36.7408301,127.1218926,R
111658.40,-26.20,36.7408280,127.1218974,R
111658.40,-26.20,36.7408280,127.1218974,R
111658.46,-26.21,36.7408245,127.1219069,R
111658.52,-26.13,36.7408235,127.1219111,R
111658.52,-26.13,36.7408235,127.1219111,R
111658.59,-26.13,36.7408199,127.1219205,R
111658.59,-26.13,36.7408199,127.1219205,R
111658.65,-26.18,36.7408158,127.1219299,R
111658.65,-26.18,36.7408158,127.1219299,R
111658.71,-26.21,36.7408123,127.1219393,R
111658.71,-26.21,36.7408123,127.1219393,R
111658.77,-26.24,36.7408087,127.1219487,R
111658.77,-26.24,36.7408087,127.1219487,R
111658.84,-26.25,36.7408046,127.1219581,R
111658.84,-26.25,36.7408046,127.1219581,R
111658.90,-26.27,36.7408011,127.1219674,R
111658.90,-26.27,36.7408011,127.1219674,R
111658.96,-26.28,36.7407975,127.1219768,R
111658.96,-26.28,36.7407975,127.1219768,R
111659.02,-26.31,36.7407935,127.1219861,R
111659.09,-26.33,36.7407919,127.1219908,R
111659.09,-26.33,36.7407899,127.1219954,R
111659.15,-26.36,36.7407879,127.1220001,R
111659.15,-26.36,36.7407879,127.1220001,R
111659.21,-26.37,36.7407843,127.1220093,R
111659.21,-26.37,36.7407843,127.1220093,R
111659.27,-26.38,36.7407807,127.1220186,R
111659.27,-26.38,36.7407807,127.1220186,R
111659.34,-26.38,36.7407772,127.1220278,R
111659.34,-26.38,36.7407751,127.1220322,R
111659.40,-26.39,36.7407736,127.1220369,R
111659.40,-26.40,36.7407716,127.1220414,R
111659.46,-26.30,36.7407706,127.1220458,R
111659.52,-26.32,36.7407685,127.1220503,R
111659.52,-26.32,36.7407685,127.1220503,R
111659.52,-26.32,36.7407655,127.1220594,R
111659.52,-26.32,36.7407655,127.1220594,R
111659.65,-26.33,36.7407614,127.1220684,R
111659.65,-26.33,36.7407614,127.1220684,R
111659.71,-26.34,36.7407578,127.1220776,R
111659.71,-26.34,36.7407578,127.1220776,R
111659.77,-26.37,36.7407543,127.1220866,R
111659.77,-26.37,36.7407543,127.1220866,R
111659.84,-26.38,36.7407507,127.1220956,R
111659.84,-26.38,36.7407507,127.1220956,R
111659.90,-26.40,36.7407472,127.1221044,R
111659.90,-26.40,36.7407472,127.1221044,R
111659.96,-26.40,36.7407436,127.1221134,R
111659.96,-26.40,36.7407436,127.1221134,R
111700.02,-26.43,36.7407400,127.1221224,R
111700.02,-26.43,36.7407385,127.1221268,R
111700.09,-26.44,36.7407365,127.1221313,R
111700.09,-26.44,36.7407365,127.1221313,R
111700.15,-26.45,36.7407329,127.1221401,R
111700.21,-26.46,36.7407314,127.1221446,R
111700.21,-26.45,36.7407294,127.1221490,R
111700.21,-26.45,36.7407294,127.1221490,R
111700.27,-26.45,36.7407258,127.1221579,R
111700.34,-26.47,36.7407243,127.1221622,R
111700.34,-26.47,36.7407222,127.1221668,R
111700.40,-26.49,36.7407207,127.1221711,R
111700.40,-26.49,36.7407207,127.1221711,R
111700.46,-26.44,36.7407182,127.1221791,R
111700.46,-26.47,36.7407161,127.1221834,R
111700.46,-26.47,36.7407161,127.1221834,R
111700.52,-26.49,36.7407126,127.1221921,R
111700.52,-26.49,36.7407126,127.1221921,R
111700.59,-26.51,36.7407090,127.1222008,R
111700.59,-26.51,36.7407090,127.1222008,R
111700.71,-26.52,36.7407060,127.1222094,R
111700.71,-26.52,36.7407060,127.1222094,R
111700.77,-26.53,36.7407024,127.1222181,R
111700.77,-26.53,36.7407024,127.1222181,R
111700.84,-26.51,36.7406988,127.1222266,R
111700.84,-26.51,36.7406988,127.1222266,R
111700.90,-26.52,36.7406958,127.1222352,R
111700.90,-26.52,36.7406958,127.1222352,R
111700.96,-26.56,36.7406922,127.1222437,R
111700.96,-26.56,36.7406922,127.1222437,R
111701.02,-26.57,36.7406887,127.1222523,R
111701.02,-26.57,36.7406872,127.1222564,R
111701.09,-26.58,36.7406851,127.1222607,R
111701.09,-26.57,36.7406836,127.1222649,R
111701.15,-26.58,36.7406821,127.1222691,R
111701.15,-26.58,36.7406821,127.1222691,R
111701.21,-26.58,36.7406785,127.1222776,R
111701.21,-26.58,36.7406785,127.1222776,R
111701.27,-26.61,36.7406749,127.1222859,R
111701.27,-26.62,36.7406734,127.1222901,R
111701.34,-26.62,36.7406719,127.1222942,R
111701.40,-26.63,36.7406699,127.1222984,R
111701.40,-26.63,36.7406683,127.1223026,R
111701.46,-26.56,36.7406678,127.1223061,R
111701.46,-26.56,36.7406658,127.1223103,R
111701.46,-26.56,36.7406658,127.1223103,R
111701.52,-26.57,36.7406627,127.1223185,R
111701.52,-26.57,36.7406627,127.1223185,R
111701.59,-26.57,36.7406592,127.1223266,R
111701.59,-26.57,36.7406592,127.1223266,R
111701.65,-26.58,36.7406561,127.1223347,R
111701.65,-26.58,36.7406561,127.1223347,R
111701.71,-26.58,36.7406531,127.1223427,R
111701.71,-26.58,36.7406531,127.1223427,R
111701.77,-26.58,36.7406495,127.1223509,R
111701.77,-26.58,36.7406495,127.1223509,R
111701.84,-26.58,36.7406465,127.1223590,R
111701.84,-26.58,36.7406465,127.1223590,R
111701.96,-26.58,36.7406434,127.1223669,R
111701.96,-26.58,36.7406414,127.1223709,R
111702.02,-26.57,36.7406398,127.1223749,R
111702.02,-26.57,36.7406398,127.1223749,R
111702.09,-26.57,36.7406368,127.1223827,R
111702.09,-26.55,36.7406353,127.1223867,R
111702.15,-26.55,36.7406337,127.1223907,R
111702.15,-26.55,36.7406317,127.1223947,R
111702.21,-26.55,36.7406302,127.1223986,R
111702.21,-26.55,36.7406287,127.1224026,R
111702.27,-26.55,36.7406271,127.1224066,R
111702.27,-26.55,36.7406256,127.1224105,R
111702.34,-26.55,36.7406241,127.1224144,R
111702.34,-26.57,36.7406226,127.1224183,R
111702.40,-26.57,36.7406210,127.1224221,R
111702.40,-26.57,36.7406210,127.1224221,R
111702.46,-26.51,36.7406185,127.1224298,R
111702.52,-26.51,36.7406170,127.1224336,R
111702.52,-26.51,36.7406170,127.1224336,R
111702.59,-26.51,36.7406139,127.1224413,R
111702.59,-26.51,36.7406139,127.1224413,R
111702.65,-26.52,36.7406109,127.1224489,R
111702.65,-26.52,36.7406109,127.1224489,R
111702.71,-26.52,36.7406078,127.1224566,R
111702.71,-26.52,36.7406078,127.1224566,R
111702.77,-26.52,36.7406048,127.1224642,R
111702.77,-26.52,36.7406048,127.1224642,R
111702.84,-26.52,36.7406017,127.1224717,R
111702.84,-26.52,36.7406017,127.1224717,R
111702.90,-26.53,36.7405986,127.1224794,R
111702.90,-26.53,36.7405986,127.1224794,R
111702.96,-26.55,36.7405956,127.1224869,R
111703.02,-26.55,36.7405941,127.1224906,R
111703.02,-26.55,36.7405925,127.1224944,R
111703.02,-26.55,36.7405925,127.1224944,R
111703.09,-26.55,36.7405895,127.1225019,R
111703.15,-26.56,36.7405880,127.1225056,R
111703.15,-26.56,36.7405880,127.1225056,R
111703.21,-26.53,36.7405849,127.1225129,R
111703.21,-26.53,36.7405849,127.1225129,R
111703.27,-26.53,36.7405819,127.1225203,R
111703.27,-26.53,36.7405819,127.1225203,R
111703.34,-26.55,36.7405793,127.1225276,R
111703.34,-26.55,36.7405793,127.1225276,R
111703.40,-26.55,36.7405763,127.1225347,R
111703.40,-26.55,36.7405747,127.1225384,R
111703.46,-26.47,36.7405742,127.1225416,R
111703.46,-26.47,36.7405727,127.1225451,R
111703.46,-26.47,36.7405727,127.1225451,R
111703.52,-26.45,36.7405702,127.1225522,R
111703.52,-26.45,36.7405702,127.1225522,R
111703.59,-26.44,36.7405671,127.1225592,R
111703.59,-26.44,36.7405671,127.1225592,R
111703.71,-26.44,36.7405646,127.1225661,R
111703.71,-26.44,36.7405646,127.1225661,R
111703.77,-26.45,36.7405615,127.1225731,R
111703.77,-26.45,36.7405615,127.1225731,R
111703.84,-26.45,36.7405590,127.1225798,R
111703.84,-26.45,36.7405590,127.1225798,R
111703.90,-26.46,36.7405559,127.1225866,R
111703.90,-26.46,36.7405559,127.1225866,R
111703.96,-26.49,36.7405534,127.1225932,R
111703.96,-26.49,36.7405524,127.1225964,R
111703.96,-26.49,36.7405524,127.1225964,R
111704.02,-26.50,36.7405498,127.1226029,R
111704.09,-26.50,36.7405483,127.1226061,R
111704.09,-26.50,36.7405473,127.1226095,R
111704.09,-26.50,36.7405473,127.1226095,R
111704.15,-26.49,36.7405442,127.1226156,R
111704.21,-26.49,36.7405432,127.1226187,R
111704.21,-26.49,36.7405432,127.1226187,R
111704.27,-26.47,36.7405407,127.1226249,R
111704.34,-26.49,36.7405396,127.1226280,R
111704.34,-26.50,36.7405381,127.1226311,R
111704.40,-26.51,36.7405371,127.1226341,R
111704.40,-26.51,36.7405361,127.1226371,R
111704.46,-26.52,36.7405346,127.1226399,R
111704.46,-26.51,36.7405341,127.1226434,R
111704.46,-26.51,36.7405341,127.1226434,R
111704.52,-26.51,36.7405315,127.1226494,R
111704.52,-26.51,36.7405315,127.1226494,R
111704.59,-26.51,36.7405290,127.1226552,R
111704.59,-26.51,36.7405290,127.1226552,R
111704.65,-26.51,36.7405269,127.1226609,R
111704.65,-26.51,36.7405269,127.1226609,R
111704.71,-26.50,36.7405244,127.1226666,R
111704.71,-26.50,36.7405244,127.1226666,R
111704.77,-26.49,36.7405224,127.1226721,R
111704.77,-26.49,36.7405224,127.1226721,R
111704.90,-26.49,36.7405203,127.1226776,R
111704.90,-26.49,36.7405203,127.1226776,R
111704.96,-26.51,36.7405183,127.1226829,R
111704.96,-26.51,36.7405183,127.1226829,R
111705.02,-26.53,36.7405157,127.1226881,R
111705.02,-26.53,36.7405147,127.1226908,R
111705.09,-26.52,36.7405137,127.1226932,R
111705.09,-26.53,36.7405127,127.1226959,R
111705.09,-26.53,36.7405127,127.1226959,R
111705.15,-26.52,36.7405107,127.1227009,R
111705.21,-26.52,36.7405101,127.1227032,R
111705.21,-26.52,36.7405101,127.1227032,R
111705.27,-26.52,36.7405081,127.1227081,R
111705.27,-26.52,36.7405081,127.1227081,R
111705.34,-26.56,36.7405061,127.1227129,R
111705.34,-26.55,36.7405051,127.1227152,R
111705.40,-26.55,36.7405040,127.1227176,R
111705.46,-26.53,36.7405030,127.1227199,R
111705.46,-26.53,36.7405020,127.1227221,R
111705.52,-26.57,36.7405020,127.1227243,R
111705.52,-26.57,36.7405020,127.1227243,R
111705.59,-26.58,36.7405000,127.1227286,R
111705.59,-26.58,36.7405000,127.1227286,R
111705.65,-26.61,36.7404985,127.1227329,R
111705.65,-26.61,36.7404985,127.1227329,R
111705.71,-26.61,36.7404964,127.1227372,R
111705.71,-26.61,36.7404964,127.1227372,R
111705.77,-26.61,36.7404949,127.1227412,R
111705.77,-26.61,36.7404949,127.1227412,R
111705.84,-26.62,36.7404934,127.1227453,R
111705.84,-26.62,36.7404934,127.1227453,R
111705.90,-26.63,36.7404918,127.1227493,R
111705.90,-26.63,36.7404918,127.1227493,R
111705.96,-26.65,36.7404903,127.1227531,R
111706.02,-26.65,36.7404893,127.1227549,R
111706.02,-26.67,36.7404888,127.1227570,R
111706.02,-26.68,36.7404878,127.1227587,R
111706.09,-26.68,36.7404873,127.1227604,R
111706.15,-26.69,36.7404862,127.1227622,R
111706.15,-26.69,36.7404857,127.1227641,R
111706.21,-26.70,36.7404852,127.1227657,R
111706.21,-26.70,36.7404852,127.1227657,R
111706.27,-26.69,36.7404837,127.1227691,R
111706.27,-26.69,36.7404837,127.1227691,R
111706.34,-26.71,36.7404822,127.1227724,R
111706.34,-26.71,36.7404822,127.1227724,R
111706.40,-26.72,36.7404812,127.1227756,R
111706.40,-26.74,36.7404806,127.1227772,R
111706.40,-26.74,36.7404806,127.1227772,R
111706.46,-26.68,36.7404796,127.1227799,R
111706.46,-26.68,36.7404796,127.1227799,R
111706.52,-26.67,36.7404786,127.1227828,R
111706.52,-26.67,36.7404786,127.1227828,R
111706.65,-26.68,36.7404776,127.1227856,R
111706.65,-26.68,36.7404776,127.1227856,R
111706.71,-26.69,36.7404766,127.1227884,R
111706.71,-26.69,36.7404766,127.1227884,R
111706.77,-26.69,36.7404751,127.1227911,R
111706.77,-26.69,36.7404751,127.1227911,R
111706.84,-26.69,36.7404740,127.1227936,R
111706.84,-26.69,36.7404740,127.1227936,R
111706.90,-26.70,36.7404730,127.1227961,R
111706.90,-26.70,36.7404730,127.1227961,R
111706.96,-26.69,36.7404725,127.1227983,R
111706.96,-26.69,36.7404720,127.1227994,R
111707.02,-26.69,36.7404715,127.1228006,R
111707.02,-26.69,36.7404715,127.1228006,R
111707.09,-26.70,36.7404705,127.1228027,R
111707.09,-26.72,36.7404705,127.1228037,R
111707.15,-26.72,36.7404700,127.1228048,R
111707.21,-26.74,36.7404695,127.1228056,R
111707.21,-26.74,36.7404689,127.1228066,R
111707.27,-26.72,36.7404684,127.1228076,R
111707.27,-26.72,36.7404684,127.1228076,R
111707.34,-26.74,36.7404679,127.1228093,R
111707.34,-26.74,36.7404674,127.1228101,R
111707.40,-26.74,36.7404674,127.1228109,R
111707.40,-26.75,36.7404669,127.1228118,R
111707.40,-26.75,36.7404669,127.1228118,R
111707.46,-26.76,36.7404669,127.1228131,R
111707.46,-26.76,36.7404669,127.1228131,R
111707.52,-26.77,36.7404659,127.1228146,R
111707.52,-26.77,36.7404659,127.1228146,R
111707.59,-26.77,36.7404654,127.1228160,R
111707.59,-26.77,36.7404654,127.1228160,R
111707.65,-26.78,36.7404649,127.1228171,R
111707.65,-26.78,36.7404649,127.1228171,R
111707.77,-26.80,36.7404644,127.1228182,R
111707.77,-26.80,36.7404644,127.1228182,R
111707.77,-26.81,36.7404639,127.1228193,R
111707.77,-26.81,36.7404639,127.1228193,R
111707.90,-26.82,36.7404639,127.1228203,R
111707.90,-26.82,36.7404639,127.1228203,R
111707.96,-26.82,36.7404634,127.1228212,R
111707.96,-26.82,36.7404634,127.1228212,R
111708.02,-26.82,36.7404628,127.1228221,R
111708.02,-26.82,36.7404628,127.1228221,R
111708.09,-26.82,36.7404628,127.1228228,R
111708.09,-26.82,36.7404623,127.1228231,R
111708.15,-26.82,36.7404623,127.1228234,R
111708.15,-26.82,36.7404623,127.1228238,R
111708.21,-26.82,36.7404623,127.1228239,R
111708.21,-26.82,36.7404623,127.1228239,R
111708.27,-26.82,36.7404623,127.1228244,R
111708.27,-26.82,36.7404618,127.1228247,R
111708.34,-26.83,36.7404618,127.1228249,R
111708.34,-26.82,36.7404618,127.1228251,R
111708.34,-26.82,36.7404618,127.1228251,R
111708.46,-26.83,36.7404618,127.1228254,R
111708.46,-26.82,36.7404623,127.1228249,R
111708.46,-26.82,36.7404623,127.1228249,R
111708.52,-26.82,36.7404618,127.1228252,R